0.032352 0.016278
0.034512 0.014775
0.029499 0.015676
0.024154 0.029951
0.025950 0.032502
0.024535 0.033091
0.019740 0.035669
0.024324 0.032724
0.025488 0.036008
0.022794 0.035410
0.021018 0.036235
0.023140 0.032886
0.026055 0.036165
0.022566 0.045164
0.028620 0.037993
0.027918 0.029509
0.024431 0.037457
0.029340 0.026817
0.027001 0.039936
0.029548 0.040442
0.031703 0.038132
0.033439 0.041610
0.029915 0.034413
0.034902 0.047914
0.034952 0.044128
0.034974 0.047612
0.035563 0.037513
0.032048 0.039341
0.031396 0.041518
0.032282 0.037719
0.036962 0.034768
0.041332 0.034129
0.042781 0.029466
0.036899 0.036220
0.044307 0.027825
0.040535 0.032455
0.038891 0.034694
0.040334 0.034542
0.032806 0.035029
0.034859 0.036677
0.038905 0.034827
0.038236 0.035126
0.042131 0.033004
0.038288 0.036032
0.047377 0.017144
0.038636 0.015373
0.023033 0.034920
0.023830 0.041768
0.022296 0.033980
0.022976 0.037655
0.026694 0.033959
0.025150 0.035305
0.028582 0.032007
0.027865 0.034018
0.028544 0.035355
0.032680 0.035355
0.027917 0.032379
0.030574 0.034516
0.027883 0.032537
0.032203 0.028393
0.028601 0.029269
0.020306 0.042331
0.026000 0.041659
0.020532 0.045154
0.026342 0.048734
0.027342 0.056011
0.021900 0.047852
0.029713 0.042029
0.038441 0.039692
0.031117 0.046742
0.032814 0.044651
0.027228 0.046398
0.027494 0.035431
0.032393 0.032997
0.043860 0.027052
0.033864 0.029373
0.027681 0.047203
0.038231 0.036514
0.031263 0.041212
0.023902 0.052253
0.024440 0.053725
0.023904 0.053551
0.028525 0.051052
0.022710 0.051359
0.024130 0.048285
0.032392 0.025959
0.043518 0.019954
0.035072 0.034511
0.026887 0.037461
0.044811 0.013360
0.036970 0.011836
0.029611 0.036785
0.036521 0.029710
0.034827 0.030839
0.037290 0.032302
0.041325 0.028750
0.044837 0.027687
0.049776 0.020718
0.042466 0.021695
0.040509 0.015644
0.034075 0.030639
0.046615 0.015796
0.046257 0.024461
0.030678 0.030251
0.040101 0.015208
0.024444 0.023464
0.023273 0.026477
0.021627 0.034055
0.027069 0.032314
0.024365 0.030830
0.034754 0.022444
0.031501 0.020263
0.023507 0.023349
0.019711 0.025076
0.029806 0.018080
0.029414 0.021054
0.035495 0.010591
0.032196 0.015062
0.031362 0.014606
0.031870 0.013951
0.036303 0.013206
0.036535 0.014226
0.053578 0.011736
0.048152 0.015512
0.032943 0.016715
0.038798 0.016715
0.039544 0.016323
0.038589 0.014471
0.039889 0.016242
0.048571 0.011154
0.040235 0.016286
0.046483 0.014361
0.052936 0.014052
0.050564 0.019919
0.056355 0.012540
0.050091 0.015607
0.049943 0.017115
0.046486 0.029143
0.046835 0.024108
0.048679 0.020285
0.045751 0.029112
0.042136 0.026802
0.035355 0.032574
0.038859 0.034971
0.037307 0.031160
0.040125 0.023673
0.046745 0.018037
0.037465 0.028135
0.040345 0.026707
0.042669 0.011896
0.034598 0.020384
0.036137 0.027390
0.037441 0.030935
0.028064 0.034719
0.024913 0.040365
0.033870 0.030916
0.029214 0.030178
0.028989 0.033756
0.014134 0.041796
0.018112 0.043360
0.022451 0.045452
0.026839 0.048680
0.028697 0.035650
0.029549 0.028623
0.032378 0.026629
0.029004 0.041169
0.032981 0.026925
0.039565 0.018378
0.035803 0.025227
0.029704 0.041397
0.038840 0.016688
0.027990 0.038210
0.027595 0.039530
0.038157 0.032297
0.024976 0.046036
0.038825 0.037823
0.027984 0.046254
0.026628 0.051317
0.029213 0.057057
0.026722 0.051076
0.031585 0.050307
0.029697 0.044539
0.044203 0.018924
0.042000 0.029372
0.047366 0.023413
0.040285 0.026023
0.029737 0.028620
0.030657 0.019455
0.030403 0.022425
0.025466 0.033403
0.025306 0.033948
0.026463 0.030184
0.018920 0.028689
0.020186 0.035135
0.028993 0.021781
0.026595 0.032712
0.032180 0.023041
0.034479 0.017979
0.026705 0.045364
0.023799 0.043848
0.027943 0.037490
0.029963 0.040149
0.027675 0.043872
0.025530 0.041633
0.035760 0.041619
0.025035 0.048799
0.024770 0.050721
0.024465 0.050597
0.024900 0.049221
0.036285 0.032451
0.028229 0.050308
0.035321 0.040545
0.035439 0.043128
0.038394 0.042108
0.038255 0.044187
0.037862 0.037152
0.043136 0.032587
0.030066 0.036407
0.028286 0.037652
0.030694 0.039006
0.042662 0.031763
0.031414 0.034128
0.042979 0.036925
0.037413 0.037608
0.045347 0.019118
0.032971 0.033404
0.031757 0.041111
0.031176 0.041105
0.032912 0.041140
0.029513 0.040263
0.029756 0.045696
0.029107 0.042052
0.024115 0.047502
0.023534 0.049631
0.025789 0.048149
0.024641 0.049961
0.027675 0.057590
0.033912 0.053582
0.037857 0.051180
0.039654 0.028728
0.026647 0.053831
0.026062 0.053331
0.033812 0.049882
0.045498 0.054816
0.037106 0.053584
0.040342 0.050214
0.032314 0.050463
0.035744 0.051829
0.038192 0.048296
0.039476 0.046169
0.038788 0.039150
0.031658 0.046313
0.035337 0.039164
0.035244 0.036521
0.048136 0.023887
0.043699 0.025581
0.032345 0.031588
0.027291 0.032643
0.025647 0.033207
0.024434 0.034222
0.021852 0.034682
0.021479 0.036920
0.020105 0.035605
0.023816 0.037088
0.026278 0.036179
0.027799 0.032196
0.024102 0.034178
0.020094 0.035534
0.025296 0.041688
0.027589 0.031311
0.033232 0.021111
0.028303 0.032175
0.031946 0.028025
0.033394 0.026431
0.035225 0.025070
0.039556 0.023444
0.043002 0.026049
0.032885 0.035529
0.028875 0.035734
0.031290 0.031611
0.033882 0.035682
0.027645 0.034813
0.028377 0.036444
0.026479 0.038314
0.044022 0.018895
0.035754 0.031157
0.036372 0.031086
0.037385 0.022422
0.031559 0.034766
0.039555 0.029568
0.029279 0.034138
0.017795 0.039414
0.022824 0.034486
0.025441 0.031458
0.023613 0.039845
0.028177 0.044754
0.025723 0.047687
0.022466 0.047078
0.024987 0.037999
0.027565 0.037120
0.033941 0.030237
0.029241 0.043912
0.024587 0.041919
0.028336 0.038483
0.026601 0.036519
0.028469 0.036873
0.029172 0.036819
0.030407 0.040380
0.032354 0.048078
0.044374 0.030020
0.031055 0.035086
0.020250 0.042293
0.024457 0.051982
0.022031 0.048089
0.021982 0.046770
0.022109 0.048546
0.028936 0.040631
0.029703 0.027908
0.024792 0.028467
0.027286 0.029199
0.040237 0.032928
0.041249 0.017418
0.043540 0.014814
0.040456 0.019400
0.035261 0.021849
0.042203 0.017453
0.036488 0.017443
0.043737 0.018056
0.045012 0.015578
0.043592 0.016951
0.046375 0.015101
0.046378 0.016183
0.045218 0.016589
0.047422 0.019221
0.041759 0.032817
0.037010 0.032370
0.039564 0.029954
0.041665 0.028246
0.042971 0.026920
0.050816 0.023912
0.043929 0.022512
0.036479 0.026696
0.047291 0.022679
0.046715 0.022343
0.045307 0.019729
0.040998 0.017359
0.031379 0.022469
0.029655 0.020876
0.032160 0.018743
0.035235 0.016562
0.037645 0.027958
0.036966 0.037795
0.033986 0.036068
0.035173 0.032977
0.035561 0.038524
0.040560 0.037117
0.033313 0.042616
0.032373 0.041005
0.035623 0.049295
0.034703 0.045167
0.030295 0.036042
0.031141 0.048099
0.031103 0.038929
0.033099 0.033080
0.034585 0.033853
0.035691 0.034002
0.043916 0.027931
0.043023 0.021328
0.026953 0.030336
0.028241 0.036373
0.025930 0.038132
0.026575 0.037341
0.029167 0.034651
0.030317 0.033867
0.028540 0.040959
0.034255 0.037365
0.039452 0.032622
0.044707 0.030949
0.031796 0.036819
0.038559 0.031448
0.036813 0.033777
0.031573 0.033204
0.031671 0.036973
0.026169 0.037864
0.027963 0.037975
0.031760 0.037354
0.032721 0.036239
0.032253 0.036440
0.029203 0.036483
0.034310 0.034602
0.035100 0.030957
0.036041 0.030634
0.035877 0.034305
0.034609 0.035261
0.034373 0.030612
0.025769 0.031808
0.023667 0.032001
0.023004 0.037330
0.026226 0.038407
0.022941 0.037703
0.020954 0.038859
0.027822 0.037018
0.036206 0.031583
0.035538 0.032998
0.048075 0.017524
0.043733 0.022708
0.032889 0.032144
0.034630 0.030499
0.033966 0.029828
0.032722 0.034677
0.036467 0.030088
0.038281 0.034507
0.038457 0.029146
0.038458 0.033408
0.041985 0.025864
0.051616 0.020617
0.049548 0.020970
0.038090 0.016808
0.041827 0.016615
0.049962 0.012622
0.042913 0.029533
0.043078 0.029492
0.045261 0.025810
0.043147 0.033066
0.041906 0.034101
0.042182 0.032785
0.031382 0.037976
0.030526 0.036740
0.039394 0.023314
0.044103 0.024638
0.048932 0.023691
0.048544 0.029093
0.040314 0.026639
0.052205 0.023545
0.055019 0.012963
0.038583 0.014482
0.034055 0.031157
0.036773 0.031000
0.043966 0.030641
0.043634 0.032302
0.038635 0.033684
0.042795 0.031318
0.041138 0.032759
0.050302 0.029509
0.049615 0.026883
0.031246 0.037540
0.037751 0.035993
0.031154 0.039834
0.042112 0.036699
0.035977 0.035300
0.039781 0.025359
0.034187 0.026265
0.024775 0.031099
0.028753 0.028841
0.013151 0.031335
0.011579 0.034453
0.017192 0.034706
0.012941 0.034353
0.018850 0.032374
0.012923 0.033647
0.020473 0.033633
0.023615 0.031758
0.016761 0.031709
0.023488 0.033106
0.038031 0.017450
0.036468 0.024078
0.025063 0.032127
0.029521 0.031023
0.028821 0.030919
0.027270 0.031234
0.031892 0.028310
0.033831 0.030054
0.032002 0.028065
0.039204 0.024321
0.037597 0.024582
0.036312 0.023118
0.036441 0.020910
0.037330 0.021645
0.037767 0.036403
0.037753 0.020873
0.039856 0.019410
0.041031 0.031630
0.036133 0.032556
0.040818 0.035540
0.031536 0.044863
0.031725 0.040556
0.031047 0.043176
0.033536 0.037800
0.032207 0.036973
0.046472 0.026176
0.049779 0.024823
0.033922 0.032014
0.033413 0.032282
0.030437 0.034557
0.036339 0.030353
0.033739 0.034427
0.029290 0.044750
0.024038 0.052861
0.019324 0.050347
0.028335 0.053044
0.027596 0.044719
0.026070 0.041454
0.027716 0.038773
0.029991 0.038748
0.036482 0.033320
0.041803 0.028496
0.043526 0.027864
0.026103 0.029088
0.024808 0.033263
0.033162 0.031962
0.031224 0.032854
0.046828 0.024237
0.044771 0.032810
0.028886 0.037478
0.017239 0.041940
0.029384 0.037304
0.023853 0.036191
0.030600 0.033598
0.021613 0.040330
0.024731 0.037304
0.021105 0.035438
0.026239 0.032163
0.026870 0.031981
0.024632 0.030582
0.029274 0.021414
0.040716 0.019586
0.043736 0.015190
0.042596 0.014205
0.041430 0.017899
0.049399 0.015186
0.045167 0.014838
0.041824 0.017346
0.041596 0.015807
0.049180 0.014589
0.047317 0.015111
0.050283 0.014948
0.050944 0.018535
0.042209 0.024022
0.052469 0.016540
0.060211 0.009650
0.053938 0.016060
0.029381 0.031509
0.021236 0.030655
0.018010 0.035673
0.018460 0.034887
0.023832 0.027441
0.026232 0.024304
0.021984 0.024663
0.025962 0.023695
0.022795 0.022864
0.020274 0.031592
0.017204 0.031765
0.017031 0.031862
0.013587 0.032189
0.023319 0.021489
0.012206 0.034167
0.013762 0.035342
0.013739 0.034892
0.013402 0.034425
0.016668 0.034488
0.019982 0.034556
0.018746 0.034190
0.018152 0.033949
0.017908 0.032248
0.018959 0.034255
0.013811 0.031830
0.017680 0.033203
0.024563 0.031077
0.023508 0.031726
0.032023 0.019056
0.032314 0.021086
0.023498 0.021871
0.027221 0.022900
0.029458 0.022764
0.026311 0.022048
0.029907 0.021035
0.035246 0.021272
0.037357 0.019383
0.041260 0.019499
0.043727 0.019985
0.042087 0.024093
0.041075 0.023684
0.039710 0.023619
0.038649 0.029358
0.042902 0.030337
0.026124 0.045552
0.026090 0.053485
0.021848 0.049515
0.025140 0.053695
0.026134 0.053584
0.030115 0.043848
0.030115 0.036961
0.044329 0.034523
0.043312 0.034051
0.032385 0.036990
0.032252 0.037924
0.023348 0.032015
0.026211 0.035770
0.027537 0.042228
0.045407 0.023651
0.038120 0.030077
0.042414 0.037788
0.028861 0.039463
0.024935 0.039105
0.022229 0.050698
0.023741 0.044453
0.027622 0.041428
0.022462 0.041827
0.022556 0.042421
0.038213 0.026544
0.027015 0.019927
0.024010 0.018056
0.032899 0.026285
0.030480 0.035184
0.029600 0.020559
0.035048 0.023723
0.035388 0.037486
0.029194 0.039390
0.029124 0.045330
0.026946 0.046099
0.025618 0.046321
0.025017 0.046586
0.024465 0.048358
0.026622 0.044155
0.033999 0.043760
0.033733 0.046369
0.031511 0.047511
0.037043 0.042806
0.035880 0.035748
0.048555 0.013896
0.041038 0.027082
0.032180 0.033514
0.036675 0.030377
0.035685 0.031044
0.042577 0.031131
0.046502 0.032326
0.038303 0.027465
0.029890 0.032502
0.026340 0.033963
0.034188 0.029175
0.031134 0.035963
0.028883 0.034734
0.032884 0.041054
0.032534 0.042542
0.038510 0.025249
0.047929 0.017525
0.046028 0.036294
0.037028 0.033660
0.039076 0.036813
0.039573 0.032919
0.024881 0.041772
0.030543 0.041116
0.026933 0.041032
0.032750 0.038259
0.030513 0.045232
0.037856 0.038286
0.038425 0.020996
0.029061 0.021829
0.036704 0.017582
0.036139 0.013133
0.032904 0.020364
0.034739 0.021172
0.040411 0.020023
0.033092 0.018217
0.032473 0.016215
0.026105 0.020318
0.028121 0.021882
0.031899 0.021675
0.030260 0.025061
0.033935 0.017256
0.033004 0.020440
0.035106 0.020600
0.036093 0.018934
0.032749 0.017481
0.039546 0.013806
0.039365 0.012045
0.037675 0.033284
0.031584 0.034631
0.022032 0.053263
0.027864 0.048600
0.030474 0.048897
0.033968 0.036469
0.035751 0.040061
0.036432 0.037376
0.041430 0.037070
0.044176 0.031258
0.046409 0.029881
0.039725 0.028444
0.037905 0.031647
0.034820 0.033050
0.037694 0.031301
0.038491 0.037100
0.033593 0.048864
0.033307 0.038030
0.030162 0.052679
0.029761 0.042800
0.029843 0.034654
0.025649 0.051213
0.020039 0.050570
0.028394 0.042108
0.040691 0.030789
0.044148 0.018664
0.031110 0.027433
0.033683 0.025020
0.032566 0.016773
0.032306 0.024305
0.028254 0.027825
0.033828 0.025861
0.041818 0.024461
0.032034 0.026104
0.038509 0.025008
0.043893 0.024597
0.046822 0.021568
0.033376 0.024638
0.031415 0.017149
0.024689 0.025639
0.040088 0.022400
0.034175 0.019154
0.031044 0.013947
0.037652 0.015646
0.031207 0.017646
0.037124 0.016592
0.029453 0.017299
0.031523 0.017460
0.028091 0.018619
0.046027 0.011756
0.044864 0.013452
0.040936 0.018068
0.042012 0.015193
0.048705 0.013634
0.035184 0.023931
0.039804 0.020934
0.047233 0.012936
0.041264 0.019778
0.051448 0.013387
0.046297 0.012430
0.045605 0.031085
0.042857 0.024761
0.040423 0.019206
0.051176 0.021069
0.051851 0.020154
0.037307 0.023678
0.035413 0.023898
0.026079 0.022361
0.027873 0.020107
0.025606 0.035030
0.036785 0.027832
0.034537 0.034812
0.036088 0.032651
0.044805 0.027017
0.043611 0.026954
0.029617 0.038476
0.023445 0.044603
0.018790 0.049501
0.021317 0.051408
0.022182 0.053976
0.019359 0.049034
0.027458 0.039857
0.030309 0.045094
0.035705 0.036464
0.045100 0.035600
0.040713 0.034398
0.040231 0.038103
0.033742 0.035374
0.044030 0.037274
0.041781 0.033260
0.045284 0.027467
0.041529 0.034849
0.040370 0.034366
0.023692 0.045349
0.027926 0.050330
0.028613 0.034358
0.028493 0.045059
0.018549 0.045967
0.025026 0.047397
0.037811 0.035727
0.030932 0.034658
0.034965 0.032134
0.037315 0.034425
0.041469 0.022369
0.033457 0.034120
0.038329 0.033526
0.037427 0.032457
0.033563 0.035956
0.028072 0.035198
0.029065 0.022918
0.025513 0.032285
0.028141 0.038279
0.035334 0.033082
0.037439 0.019292
0.041187 0.022022
0.025724 0.045221
0.030420 0.044805
0.034095 0.040279
0.044211 0.015459
0.041476 0.017518
0.023446 0.045359
0.021076 0.047960
0.032895 0.033805
0.031870 0.028980
0.024666 0.034001
0.024032 0.040107
0.034669 0.025250
0.025781 0.035359
0.036312 0.023553
0.017566 0.048728
0.021202 0.049916
0.024147 0.038736
0.031562 0.022627
0.033367 0.024779
0.030497 0.024960
0.018274 0.050737
0.018570 0.049228
0.021082 0.047741
0.022364 0.043873
0.041934 0.017785
0.033697 0.028714
0.031204 0.031447
0.026466 0.033627
0.029950 0.030745
0.034575 0.025380
0.025316 0.036232
0.024193 0.031922
0.024875 0.033616
0.041976 0.020742
0.040986 0.024538
0.024682 0.046243
0.029277 0.052888
0.025064 0.048306
0.021196 0.047948
0.023799 0.047934
0.026688 0.048763
0.027937 0.049082
0.029333 0.049179
0.039342 0.035765
0.029869 0.048707
0.030450 0.048452
0.035433 0.046139
0.037460 0.045079
0.059487 0.016750
0.055815 0.016432
0.040571 0.044268
0.034775 0.044407
0.026863 0.074763
0.027226 0.059837
0.034131 0.063658
0.026575 0.061165
0.040979 0.035774
0.042765 0.044386
0.052300 0.023067
0.042938 0.044383
0.039499 0.051735
0.042530 0.037907
0.045020 0.030396
0.043545 0.030877
0.042828 0.030120
0.034469 0.047411
0.034285 0.040888
0.054783 0.016752
0.041776 0.021917
0.034684 0.031749
0.026287 0.029414
0.023855 0.029871
0.023676 0.039461
0.020897 0.040924
0.031954 0.042789
0.052253 0.010949
0.053223 0.012989
0.046874 0.023658
0.048361 0.019846
0.056959 0.013416
0.038232 0.035299
0.047138 0.022144
0.035381 0.030720
0.036275 0.023838
0.036070 0.025289
0.038127 0.021721
0.047332 0.018034
0.042650 0.020125
0.036996 0.032203
0.042259 0.029037
0.051693 0.020730
0.037648 0.038112
0.036634 0.040265
0.054242 0.019011
0.052341 0.017382
0.033789 0.037544
0.036513 0.037207
0.043317 0.035279
0.043719 0.039980
0.037692 0.043293
0.036518 0.044198
0.035716 0.049911
0.038774 0.046567
0.033423 0.052334
0.039979 0.049878
0.031347 0.049960
0.038756 0.038023
0.040877 0.033171
0.042527 0.041233
0.040264 0.053448
0.046881 0.051036
0.048783 0.032973
0.037710 0.042893
0.035111 0.037463
0.038061 0.029433
0.042117 0.032966
0.036670 0.033954
0.042468 0.035150
0.051235 0.017081
0.036058 0.035686
0.042475 0.034059
0.050475 0.019575
0.041090 0.028394
0.040963 0.029493
0.039896 0.030365
0.028629 0.050393
0.044334 0.030532
0.034867 0.046047
0.039998 0.035007
0.034669 0.031038
0.036262 0.027984
0.033444 0.031960
0.039368 0.038238
0.035496 0.031735
0.058168 0.013990
0.052198 0.022399
0.040410 0.032389
0.048806 0.016360
0.064487 0.008324
0.061182 0.018968
0.050161 0.031546
0.037903 0.024276
0.040036 0.022771
0.035621 0.026945
0.029001 0.034023
0.029886 0.035488
0.029121 0.036013
0.029416 0.037444
0.033483 0.031542
0.037941 0.033108
0.042580 0.025893
0.055331 0.016503
0.040740 0.027134
0.039801 0.030810
0.033834 0.037756
0.035587 0.032744
0.037163 0.026982
0.044258 0.028362
0.052546 0.014126
0.037424 0.028405
0.029568 0.036174
0.029928 0.034133
0.029113 0.037052
0.029138 0.034219
0.031562 0.028260
0.027827 0.031399
0.033805 0.029838
0.035070 0.029570
0.043357 0.024121
0.041000 0.022093
0.046680 0.022367
0.045994 0.025502
0.042991 0.023623
0.043807 0.020706
0.041624 0.021158
0.041985 0.022556
0.039646 0.025372
0.036630 0.023944
0.039625 0.022568
0.040708 0.020435
0.037817 0.023785
0.048005 0.017144
0.044982 0.019649
0.037310 0.023396
0.038703 0.026940
0.038730 0.025973
0.036306 0.026892
0.035267 0.027567
0.037562 0.029440
0.035738 0.029548
0.039749 0.027737
0.037018 0.023565
0.031324 0.030907
0.031707 0.033910
0.031924 0.034763
0.032903 0.035865
0.037646 0.037137
0.034241 0.035056
0.042078 0.023986
0.041385 0.029690
0.043402 0.028628
0.043556 0.031189
0.043465 0.029297
0.032571 0.038796
0.038551 0.034853
0.037764 0.025932
0.034900 0.024759
0.031792 0.024687
0.037702 0.025468
0.039605 0.021690
0.038604 0.025125
0.027677 0.031452
0.033248 0.032871
0.038467 0.025778
0.036816 0.025976
0.038129 0.028999
0.033370 0.024167
0.033127 0.026752
0.041663 0.024321
0.035576 0.026812
0.037394 0.025403
0.046098 0.015088
0.033156 0.026471
0.031678 0.030729
0.036336 0.026299
0.034583 0.027764
0.032154 0.028708
0.034089 0.023622
0.036956 0.023835
0.019065 0.049225
0.015248 0.048858
0.021162 0.046381
0.024923 0.055023
0.023133 0.050242
0.029611 0.035309
0.034368 0.032868
0.050641 0.023391
0.045438 0.018069
0.039390 0.033338
0.035044 0.034144
0.031329 0.035585
0.039860 0.033459
0.037729 0.039422
0.045118 0.022436
0.058754 0.014906
0.049198 0.025622
0.036806 0.030212
0.035764 0.029730
0.024749 0.042718
0.029318 0.034185
0.029746 0.031291
0.023675 0.040694
0.033648 0.024992
0.046186 0.025017
0.037656 0.032985
0.042461 0.034729
0.050580 0.019039
0.043009 0.023519
0.045188 0.022041
0.049303 0.016525
0.046102 0.022301
0.030498 0.050381
0.035657 0.052628
0.037969 0.051649
0.037408 0.051089
0.036446 0.054220
0.041211 0.026999
0.039499 0.034357
0.032945 0.047483
0.033026 0.044055
0.043624 0.035521
0.051261 0.023134
0.037644 0.044419
0.055433 0.025358
0.034947 0.042441
0.047340 0.033803
0.049631 0.026734
0.029398 0.040539
0.029615 0.037860
0.037649 0.030036
0.031561 0.036221
0.045404 0.023556
0.034449 0.028162
0.036604 0.029671
0.035506 0.029658
0.035044 0.033594
0.033606 0.027509
0.029880 0.028210
0.034121 0.029706
0.033498 0.027336
0.035043 0.026263
0.033762 0.025876
0.027838 0.030326
0.033445 0.032306
0.036672 0.029769
0.034521 0.033957
0.035178 0.033327
0.033351 0.030486
0.030750 0.033691
0.033148 0.032916
0.039386 0.033565
0.033074 0.033772
0.031185 0.032195
0.048726 0.021393
0.035859 0.034154
0.035925 0.035074
0.035362 0.031382
0.040008 0.026105
0.047943 0.021143
0.046488 0.026475
0.045863 0.021267
0.033704 0.029432
0.034043 0.025374
0.036298 0.027478
0.038324 0.028337
0.040996 0.019495
0.032356 0.024048
0.033199 0.033546
0.034545 0.027239
0.030389 0.028805
0.032208 0.031108
0.025278 0.026536
0.022645 0.031404
0.024886 0.031855
0.027014 0.026265
0.028196 0.026060
0.026661 0.035473
0.028034 0.033395
0.028152 0.036190
0.030215 0.040003
0.042281 0.025980
0.030353 0.030954
0.025458 0.043572
0.028655 0.029024
0.030167 0.031346
0.016854 0.054075
0.024679 0.051800
0.029394 0.054534
0.027425 0.056870
0.028215 0.054828
0.026552 0.051055
0.028232 0.049647
0.029212 0.047681
0.037383 0.024849
0.043158 0.028354
0.028432 0.038290
0.030005 0.035381
0.037006 0.036898
0.044546 0.022371
0.034347 0.038482
0.030771 0.037312
0.039260 0.034453
0.036761 0.039776
0.036527 0.035184
0.037887 0.026154
0.042014 0.032708
0.037802 0.035392
0.036570 0.044215
0.037579 0.045373
0.035991 0.046373
0.038310 0.045312
0.030434 0.050860
0.020350 0.049807
0.024015 0.047508
0.021127 0.046649
0.019911 0.048967
0.029000 0.045573
0.035063 0.037332
0.038110 0.038905
0.050920 0.032986
0.042456 0.036111
0.043159 0.025894
0.037840 0.026753
0.037582 0.025420
0.041835 0.027667
0.039995 0.033042
0.048018 0.023454
0.048784 0.031783
0.030141 0.030185
0.027743 0.040149
0.023350 0.058859
0.028745 0.071591
0.027003 0.045308
0.016053 0.052415
0.023949 0.051996
0.045184 0.028478
0.035326 0.040856
0.038186 0.029267
0.038233 0.047911
0.037532 0.047209
0.037392 0.046043
0.040192 0.028696
0.038671 0.041278
0.035896 0.039360
0.037201 0.037862
0.041135 0.041904
0.045150 0.029417
0.042392 0.030250
0.049918 0.026106
0.045628 0.027102
0.038639 0.028530
0.044745 0.020365
0.037004 0.036209
0.030687 0.034732
0.033648 0.034073
0.036952 0.038793
0.034454 0.037828
0.037967 0.038546
