0.026225 0.054625
0.025105 0.041255
0.031894 0.043880
0.034723 0.043383
0.016363 0.052506
0.030101 0.046763
0.029404 0.046665
0.026864 0.046947
0.029876 0.047992
0.029481 0.050141
0.030788 0.051755
0.031105 0.064620
0.019872 0.052656
0.023730 0.049574
0.028379 0.072304
0.024814 0.077761
0.031229 0.079834
0.027861 0.077217
0.032870 0.070370
0.030547 0.073783
0.031615 0.062389
0.032394 0.076394
0.030910 0.062840
0.027065 0.069159
0.022245 0.062835
0.025747 0.047734
0.028162 0.073134
0.016303 0.058286
0.022360 0.062316
0.017930 0.053632
0.024568 0.060643
0.025948 0.062740
0.024351 0.058919
0.022569 0.054695
0.030469 0.064932
0.026952 0.055489
0.029760 0.071368
0.018922 0.051985
0.025759 0.059789
0.022454 0.060333
0.027885 0.098631
0.023378 0.067998
0.018267 0.050042
0.019685 0.050065
0.015687 0.051047
0.022858 0.050246
0.022565 0.053132
0.029399 0.054361
0.026565 0.055289
0.027214 0.053364
0.029077 0.055232
0.032030 0.060071
0.032435 0.059610
0.032264 0.060988
0.030094 0.063005
0.027254 0.070020
0.028080 0.042868
0.031180 0.020386
0.034179 0.034526
0.033894 0.022533
0.035861 0.020194
0.036363 0.022948
0.029338 0.037684
0.031652 0.038698
0.037293 0.022023
0.036430 0.031487
0.032368 0.019842
0.032617 0.029888
0.025704 0.031886
0.035602 0.032289
0.031044 0.033013
0.037699 0.030448
0.046882 0.023304
0.051005 0.027378
0.039408 0.028192
0.035178 0.033145
0.037359 0.032747
0.029852 0.026897
0.042616 0.014761
0.042389 0.025737
0.031460 0.029146
0.034086 0.032584
0.033630 0.032142
0.036215 0.029767
0.033964 0.030842
0.034449 0.031894
0.030426 0.027726
0.033521 0.023795
0.050260 0.021816
0.041270 0.027980
0.034993 0.030988
0.039487 0.027588
0.039724 0.024536
0.038512 0.026458
0.037218 0.025945
0.031994 0.027875
0.032880 0.029150
0.046607 0.020556
0.043225 0.024235
0.036580 0.032718
0.041321 0.026574
0.040740 0.025907
0.037491 0.027782
0.034162 0.029206
0.036588 0.030928
0.034404 0.032601
0.040423 0.031811
0.050115 0.029221
0.044096 0.024384
0.052281 0.025175
0.041504 0.030513
0.037209 0.037527
0.042613 0.030457
0.050803 0.031190
0.037580 0.034523
0.040258 0.031468
0.049869 0.025829
0.037830 0.034332
0.047857 0.031130
0.027803 0.047154
0.024148 0.049344
0.051635 0.025233
0.037973 0.033622
0.038080 0.035028
0.038152 0.028587
0.029130 0.039704
0.047631 0.029380
0.045675 0.028110
0.038796 0.031179
0.044527 0.027938
0.049618 0.020074
0.047034 0.021810
0.052198 0.022122
0.050407 0.020483
0.061369 0.012184
0.058051 0.013229
0.053625 0.015864
0.052757 0.019677
0.048432 0.023833
0.042162 0.031866
0.049659 0.030336
0.043065 0.033321
0.043359 0.028138
0.043306 0.031127
0.044318 0.028097
0.044680 0.031636
0.040748 0.032709
0.046781 0.032437
0.035400 0.032903
0.047312 0.030134
0.052929 0.024739
0.054898 0.021906
0.049427 0.028642
0.048200 0.026245
0.038141 0.028043
0.045551 0.024666
0.040076 0.027524
0.034772 0.029859
0.035238 0.028649
0.034493 0.028342
0.034580 0.028424
0.040138 0.027032
0.032802 0.030752
0.024529 0.026165
0.040529 0.026447
0.035014 0.027678
0.032663 0.027070
0.041498 0.025225
0.030044 0.031265
0.039600 0.026975
0.036709 0.029922
0.032407 0.029978
0.031281 0.029268
0.025665 0.030172
0.031563 0.026959
0.031720 0.026989
0.040593 0.027797
0.042588 0.020699
0.034809 0.028262
0.051164 0.018071
0.042200 0.027308
0.039437 0.028616
0.032420 0.032201
0.042589 0.025587
0.038833 0.028322
0.043457 0.026903
0.041288 0.026371
0.030841 0.032124
0.041430 0.027696
0.034219 0.030964
0.040747 0.027334
0.032937 0.031049
0.045735 0.024419
0.038221 0.028360
0.037517 0.025913
0.031415 0.029402
0.035249 0.035817
0.039418 0.028814
0.034915 0.030664
0.030764 0.034309
0.033521 0.031779
0.023022 0.033812
0.027085 0.031014
0.027944 0.031771
0.032554 0.031517
0.036244 0.027685
0.033159 0.032914
0.032665 0.033417
0.028432 0.031634
0.029306 0.037640
0.031338 0.030464
0.023854 0.032794
0.027141 0.031968
0.018172 0.036233
0.034787 0.033235
0.031297 0.031866
0.034569 0.034101
0.033800 0.033176
0.025965 0.038596
0.028170 0.038703
0.035143 0.036866
0.030283 0.030799
0.033777 0.035797
0.040740 0.030267
0.033948 0.032343
0.032362 0.037824
0.030378 0.032774
0.026610 0.035489
0.028478 0.039399
0.021940 0.041905
0.029519 0.039698
0.033343 0.035391
0.028122 0.038446
0.035380 0.035066
0.036362 0.037151
0.033582 0.034748
0.032414 0.037373
0.031832 0.036665
0.032722 0.036753
0.042777 0.033747
0.029300 0.043145
0.034254 0.038720
0.033477 0.039908
0.033824 0.040033
0.034434 0.038315
0.027084 0.052512
0.029743 0.036619
0.034351 0.050292
0.036247 0.036393
0.027337 0.045334
0.030867 0.040586
0.027514 0.057051
0.030142 0.049196
0.027023 0.043756
0.023811 0.053677
0.024368 0.056342
0.018548 0.051922
0.029884 0.038429
0.031973 0.048948
0.027736 0.045574
0.022408 0.048631
0.030534 0.041652
0.027423 0.049607
0.037463 0.038226
0.029699 0.049524
0.035300 0.044895
0.028599 0.047065
0.028707 0.042815
0.035328 0.042444
0.016265 0.052807
0.019468 0.052840
0.026645 0.047070
0.025957 0.049902
0.023577 0.048249
0.022346 0.049825
0.024041 0.045576
0.023600 0.050093
0.036076 0.042141
0.029315 0.049479
0.029510 0.047348
0.023004 0.044128
0.021460 0.052597
0.023863 0.050959
0.021046 0.052320
0.022551 0.053735
0.023739 0.054027
0.029519 0.055283
0.024998 0.056029
0.024607 0.046231
0.017957 0.055147
0.018012 0.054112
0.017145 0.055815
0.018400 0.054945
0.019668 0.051175
0.020222 0.054443
0.018707 0.052906
0.019870 0.052813
0.030011 0.058495
0.028276 0.051524
0.024272 0.053434
0.023568 0.055157
0.027366 0.052212
0.027096 0.048199
0.021156 0.056239
0.029007 0.059229
0.028337 0.052913
0.025903 0.048913
0.026283 0.043864
0.027953 0.042733
0.031223 0.040225
0.027859 0.037563
0.030435 0.039266
0.036592 0.032989
0.034730 0.036562
0.039086 0.031457
0.035009 0.035620
0.036490 0.033168
0.036359 0.032369
0.042795 0.027250
0.031460 0.032608
0.029361 0.031176
0.033513 0.032549
0.041211 0.032317
0.043825 0.030852
0.031395 0.034300
0.029286 0.035430
0.035133 0.035074
0.046423 0.026958
0.043437 0.023882
0.043004 0.029058
0.036804 0.029483
0.040882 0.022647
0.034948 0.031185
0.035847 0.031160
0.034580 0.027733
0.037227 0.030048
0.037514 0.030675
0.034536 0.036438
0.049140 0.018912
0.033098 0.034833
0.038166 0.033614
0.028508 0.037584
0.039394 0.032193
0.036397 0.033802
0.029123 0.053206
0.031924 0.041816
0.026802 0.041349
0.034028 0.036707
0.038204 0.035090
0.041164 0.030260
0.034332 0.032370
0.034405 0.039048
0.037931 0.036809
0.034132 0.039165
0.035789 0.034459
0.033971 0.035659
0.034603 0.037084
0.037164 0.035735
0.036160 0.033912
0.036216 0.032448
0.033143 0.040013
0.037534 0.028799
0.037030 0.035836
0.037940 0.030708
0.029679 0.039199
0.038014 0.033486
0.034180 0.031023
0.036689 0.036533
0.041112 0.031368
0.035736 0.036638
0.035844 0.033116
0.038962 0.035102
0.038408 0.034391
0.033705 0.043101
0.042699 0.028153
0.026520 0.044920
0.038640 0.035125
0.037107 0.036843
0.028355 0.036907
0.034337 0.029431
0.033362 0.044746
0.039811 0.033321
0.036359 0.031887
0.039081 0.030513
0.039475 0.030212
0.033855 0.033968
0.040507 0.030411
0.031251 0.036777
0.037711 0.030629
0.030583 0.032874
0.029328 0.030817
0.030398 0.031094
0.033452 0.039109
0.042011 0.028643
0.034625 0.037032
0.030933 0.033938
0.035605 0.031699
0.031155 0.039213
0.030754 0.029580
0.030587 0.042571
0.043311 0.030637
0.031322 0.037109
0.034107 0.030797
0.037254 0.033737
0.027065 0.046308
0.040495 0.030175
0.030509 0.037082
0.025753 0.034158
0.026528 0.039531
0.050329 0.028058
0.035432 0.035119
0.031847 0.032081
0.042787 0.027980
0.030274 0.031684
0.033341 0.038127
0.035880 0.031734
0.024290 0.042885
0.027461 0.038454
0.039689 0.028072
0.034326 0.032596
0.033383 0.040301
0.028223 0.042018
0.044528 0.026799
0.034950 0.037097
0.045160 0.030470
0.030996 0.039931
0.031364 0.037757
0.028927 0.035271
0.021864 0.040119
0.026787 0.032708
0.031208 0.029794
0.029907 0.039208
0.025459 0.043181
0.036987 0.035344
0.025768 0.041988
0.025761 0.040598
0.027430 0.042086
0.030360 0.030558
0.029371 0.033961
0.021293 0.044736
0.037308 0.035292
0.052455 0.023832
0.033175 0.034791
0.037667 0.037682
0.046814 0.025188
0.034765 0.039135
0.034991 0.030808
0.037880 0.023805
0.032041 0.034905
0.035886 0.028021
0.028668 0.037824
0.037685 0.030695
0.035899 0.030539
0.034230 0.032151
0.032322 0.032628
0.045558 0.029979
0.033091 0.036057
0.041376 0.029133
0.027448 0.035774
0.043781 0.034032
0.037844 0.038050
0.047434 0.027942
0.041758 0.033848
0.037068 0.039687
0.034375 0.026869
0.029386 0.031595
0.028763 0.032397
0.036586 0.028057
0.033717 0.029303
0.036747 0.033614
0.036464 0.032540
0.027182 0.038998
0.044858 0.030915
0.035262 0.038694
0.036879 0.037313
0.026164 0.042058
0.019609 0.042161
0.041115 0.031475
0.026442 0.040469
0.040787 0.031582
0.033294 0.038908
0.031467 0.036415
0.037351 0.036369
0.037008 0.031700
0.038078 0.031763
0.021796 0.040803
0.021110 0.045931
0.033008 0.034117
0.033680 0.034000
0.027784 0.043543
0.031019 0.037955
0.028948 0.040760
0.038455 0.034598
0.031905 0.041132
0.026098 0.039539
0.022069 0.045289
0.021715 0.044097
0.030679 0.032206
0.022114 0.041318
0.028927 0.036929
0.026271 0.040974
0.030791 0.032587
0.035243 0.036111
0.039624 0.033556
0.033289 0.038302
0.031943 0.035236
0.028222 0.041867
0.017943 0.053364
0.024500 0.048376
0.022578 0.052545
0.024112 0.051207
0.022619 0.052687
0.022711 0.051264
0.030098 0.051059
0.032917 0.050739
0.026581 0.055370
0.026354 0.053788
0.025338 0.050518
0.020232 0.047624
0.016747 0.050578
0.023588 0.050374
0.027069 0.047707
0.020573 0.052485
0.029381 0.054912
0.033109 0.059324
0.036366 0.031351
0.025549 0.053867
0.027265 0.045520
0.025880 0.046022
0.030236 0.043082
0.013152 0.047523
0.014143 0.045964
0.018360 0.042725
0.013147 0.051381
0.012003 0.055732
0.013810 0.054188
0.018970 0.052965
0.025230 0.049182
0.019541 0.050821
0.019474 0.048693
0.021706 0.050491
0.018440 0.049741
0.020813 0.050471
0.016600 0.051141
0.017876 0.050517
0.013679 0.050558
0.012672 0.051458
0.017049 0.049029
0.013277 0.050957
0.012019 0.050468
0.019075 0.050155
0.020600 0.051868
0.020441 0.050631
0.017012 0.053009
0.022512 0.051330
0.030304 0.038513
0.023751 0.044847
0.033067 0.035402
0.027227 0.037348
0.044346 0.023628
0.030608 0.037279
0.021522 0.041646
0.027843 0.036649
0.041818 0.035703
0.025529 0.032852
0.032340 0.025064
0.025280 0.036803
0.017075 0.040595
0.018248 0.039031
0.014658 0.048710
0.014206 0.049956
0.021223 0.044662
0.021326 0.044033
0.018627 0.048730
0.026027 0.041376
0.028145 0.037404
0.041551 0.031300
0.016554 0.042271
0.022909 0.039930
0.026503 0.042215
0.026406 0.036344
0.025901 0.038171
0.024849 0.040260
0.027139 0.035750
0.033155 0.030452
0.026141 0.031232
0.036040 0.024073
0.031953 0.030918
0.030009 0.034964
0.024991 0.037379
0.020580 0.039212
0.021008 0.041813
0.021858 0.040139
0.019367 0.042002
0.022263 0.039273
0.022625 0.037479
0.019766 0.041247
0.026165 0.041544
0.021236 0.040838
0.022907 0.034960
0.020970 0.040246
0.020525 0.051212
0.032192 0.040650
0.023584 0.051259
0.034479 0.039870
0.017466 0.044701
0.015706 0.049393
0.022340 0.040627
0.011170 0.040720
0.017392 0.042170
0.026013 0.040596
0.021368 0.052681
0.016116 0.047066
0.012042 0.048755
0.011248 0.043911
0.013740 0.051535
0.013794 0.046738
0.013446 0.051131
0.014631 0.047441
0.013894 0.052347
0.011748 0.047385
0.012661 0.047306
0.019500 0.049367
0.017542 0.048969
0.018022 0.044776
0.017947 0.049703
0.025602 0.043825
0.014846 0.042229
0.016075 0.044168
0.019712 0.040265
0.027377 0.037568
0.024276 0.040983
0.024633 0.053336
0.022650 0.040226
0.021818 0.046706
0.026130 0.049741
0.020299 0.048021
0.030254 0.038938
0.023921 0.048254
0.025761 0.040236
0.025561 0.035946
0.024049 0.046542
0.020864 0.043807
0.023549 0.043194
0.025476 0.039644
0.019252 0.045974
0.019598 0.046248
0.021917 0.042013
0.017107 0.054144
0.017609 0.048294
0.011997 0.052375
0.014217 0.050727
0.016263 0.050140
0.017311 0.048936
0.017013 0.049876
0.015959 0.054697
0.016189 0.046799
0.018124 0.052793
0.021687 0.044909
0.023493 0.065294
0.020485 0.043233
0.015552 0.053373
0.016496 0.045963
0.015539 0.048506
0.012422 0.050290
0.013771 0.052087
0.011531 0.051141
0.014152 0.051719
0.013287 0.045324
0.013361 0.053213
0.014739 0.045748
0.010659 0.052399
0.013732 0.049455
0.014673 0.051830
0.014317 0.049683
0.015151 0.052781
0.012377 0.047291
0.011831 0.053534
0.014250 0.055390
0.014060 0.055396
0.014406 0.054757
0.012879 0.052831
0.016592 0.053723
0.015281 0.052424
0.014963 0.061846
0.017102 0.065449
0.029993 0.061840
0.035342 0.085415
0.032429 0.076790
0.030162 0.107521
0.027572 0.056337
0.024319 0.051691
0.026415 0.042073
0.019639 0.038520
0.018180 0.051633
0.022840 0.049486
0.018831 0.050271
0.022176 0.047355
0.019302 0.049265
0.021303 0.043846
0.027007 0.047533
0.024674 0.059035
0.026105 0.044051
0.028016 0.045169
0.031947 0.034316
0.026344 0.038420
0.015550 0.043630
0.020310 0.035572
0.021819 0.043317
0.024266 0.041881
0.024680 0.038553
0.022755 0.042759
0.021131 0.048557
0.016423 0.049615
0.026384 0.042034
0.028595 0.035388
0.032048 0.037517
0.025938 0.044873
0.022320 0.041454
0.028993 0.038852
0.027373 0.042623
0.026780 0.042097
0.029265 0.038036
0.024708 0.041464
0.015323 0.049052
0.013232 0.047532
0.016503 0.047171
0.021958 0.048668
0.024502 0.045446
0.023880 0.044148
0.025084 0.051810
0.027375 0.053581
0.025036 0.052534
0.021007 0.056065
0.027369 0.051557
0.028696 0.045267
0.024114 0.043430
0.024846 0.043175
0.022998 0.051451
0.022144 0.044448
0.018658 0.049311
0.018405 0.051336
0.021580 0.040963
0.021678 0.043565
0.021890 0.046923
0.020338 0.049981
0.019521 0.057395
0.017272 0.051929
0.018218 0.053683
0.024982 0.049705
0.020252 0.055492
0.024834 0.061339
0.022802 0.056954
0.021888 0.051666
0.021023 0.052209
0.021701 0.054336
0.020699 0.055558
0.023277 0.057198
0.023393 0.057765
0.028360 0.058564
0.024776 0.058507
0.025368 0.062651
0.025944 0.068607
0.025146 0.070165
0.023495 0.088765
0.024408 0.081098
0.028082 0.066483
0.029990 0.072162
0.029068 0.074328
0.025481 0.095397
0.024367 0.074042
0.023465 0.059600
0.023546 0.059627
0.023748 0.062359
0.025251 0.058790
0.026927 0.061740
0.024718 0.060999
0.025479 0.062713
0.025493 0.064697
0.026455 0.061556
0.022433 0.063729
0.027756 0.058119
0.026591 0.061124
0.025600 0.060573
0.025669 0.067142
0.026265 0.080690
0.028732 0.068416
0.025116 0.067657
0.027130 0.069615
0.030736 0.068517
0.025570 0.071054
0.030692 0.060749
0.029357 0.067084
0.027222 0.069415
0.029784 0.067710
0.029408 0.077047
0.030364 0.070459
0.025133 0.087267
0.028293 0.062066
0.027246 0.056939
0.027460 0.060668
0.022320 0.055924
0.031389 0.060812
0.028536 0.060682
0.031403 0.060122
0.029097 0.058728
0.029356 0.079088
0.033723 0.062914
0.026659 0.057614
0.026513 0.060926
0.019969 0.055193
0.013981 0.054529
0.024522 0.055920
0.020683 0.055578
0.013380 0.054752
0.017321 0.055843
0.021198 0.056677
0.016150 0.055382
0.022780 0.057192
0.020339 0.055744
0.019756 0.055028
0.023058 0.054967
0.014625 0.055339
0.015776 0.055314
0.016492 0.053789
0.016966 0.053981
0.015835 0.054208
0.020182 0.054192
0.020350 0.056047
0.017912 0.058566
0.024265 0.057931
0.014611 0.064882
0.016690 0.073353
0.023867 0.064759
0.018921 0.068721
0.024819 0.071567
0.023364 0.070903
0.023085 0.073662
0.019124 0.062512
0.027521 0.058435
0.032265 0.062965
0.034910 0.059752
0.033264 0.068470
0.033901 0.094414
0.032919 0.068719
0.031266 0.061519
0.032222 0.055889
0.028871 0.056615
0.028273 0.058371
0.020324 0.056104
0.022919 0.055581
0.021519 0.054976
0.017129 0.056457
0.017140 0.057680
0.014939 0.056245
0.023243 0.051620
0.027332 0.050086
0.020762 0.053195
0.021361 0.051169
0.023149 0.048802
0.021328 0.046330
0.022965 0.048061
0.019756 0.046608
0.024929 0.044989
0.025087 0.045520
0.023247 0.049266
0.020857 0.048290
0.024423 0.048805
0.022043 0.046629
0.019023 0.043087
0.022774 0.047612
0.026077 0.046454
0.025454 0.045485
0.023982 0.053714
0.020138 0.049872
0.022481 0.053656
0.024598 0.051743
0.017517 0.039626
0.021497 0.053580
0.021338 0.055114
0.020150 0.054560
0.021937 0.053909
0.020644 0.052012
0.020191 0.048505
0.026932 0.040157
0.021031 0.051121
0.027651 0.039439
0.027430 0.037046
0.027446 0.036350
0.029319 0.039991
0.034998 0.039352
0.028906 0.040553
0.026606 0.043300
0.029968 0.038177
0.028627 0.041430
0.026853 0.041242
0.028666 0.041196
0.029775 0.042435
0.023589 0.044458
0.035715 0.037984
0.031468 0.040418
0.030175 0.046682
0.022518 0.045766
0.027412 0.043541
0.030880 0.039083
0.028697 0.043689
0.023151 0.046883
0.029470 0.041210
0.029208 0.043028
0.028501 0.041945
0.027706 0.045317
0.028671 0.045504
0.027313 0.044955
0.026435 0.046140
0.025560 0.044823
0.025072 0.048732
0.025696 0.043777
0.028938 0.045584
0.025054 0.048875
0.025620 0.046808
0.023724 0.048404
0.022373 0.050009
0.028545 0.041878
0.018753 0.049841
0.019040 0.051030
0.023506 0.050047
0.022759 0.054051
0.022940 0.054102
0.021333 0.055541
0.025306 0.053364
0.026498 0.052055
0.025740 0.052904
0.025387 0.051588
0.024448 0.054554
0.025441 0.053781
0.021741 0.053010
0.021413 0.053625
0.024621 0.051061
0.028504 0.052812
0.026614 0.055184
0.023830 0.056632
0.021796 0.056274
0.022261 0.051460
0.023140 0.057394
0.022659 0.055930
0.019905 0.053520
0.024455 0.055857
0.020278 0.055408
0.023544 0.047967
0.019095 0.053223
0.024510 0.045584
0.017108 0.050640
0.019564 0.045936
0.020446 0.048154
0.019813 0.047002
0.015752 0.047208
0.022304 0.047391
0.022363 0.045081
0.021274 0.042973
0.018886 0.045377
0.020144 0.043514
0.014839 0.045854
0.020222 0.048541
0.017339 0.048367
0.017671 0.051281
0.014304 0.051568
0.012914 0.051007
0.019001 0.049750
0.018705 0.052485
0.022253 0.051021
0.022854 0.049691
0.019306 0.051842
0.014124 0.053728
0.015789 0.053511
0.013620 0.054926
0.012824 0.053062
0.011974 0.054059
0.016298 0.053625
0.014134 0.053107
0.013820 0.054426
0.013314 0.053492
0.013400 0.052921
0.013064 0.051967
0.012955 0.051878
0.012130 0.052825
0.011860 0.053293
0.014381 0.051946
0.014938 0.052092
0.012879 0.052900
0.022756 0.032405
0.018795 0.032749
0.011443 0.050141
0.012936 0.047705
0.012548 0.048352
0.013895 0.050069
0.014995 0.048295
0.014286 0.050381
0.020217 0.042483
0.016939 0.050707
0.012659 0.050109
0.015138 0.046736
0.012913 0.049618
0.012966 0.050485
0.017973 0.039267
0.016440 0.045532
0.013974 0.050292
0.014511 0.049735
0.018922 0.053416
0.018295 0.049009
0.023197 0.052510
0.017669 0.051235
0.012385 0.052870
0.016209 0.051496
0.019173 0.053569
0.018133 0.053121
0.018112 0.052805
0.018988 0.054047
0.018316 0.053271
0.018597 0.055187
0.021630 0.059427
0.023363 0.074177
0.018416 0.054421
0.018924 0.054501
0.019839 0.059331
0.019485 0.058383
0.019512 0.055894
0.019007 0.057213
0.018587 0.055087
0.023271 0.061807
0.022749 0.061256
0.024751 0.060987
0.024295 0.064642
0.023735 0.063941
0.023508 0.058016
0.023423 0.055583
0.024886 0.057634
0.024189 0.059859
0.020347 0.061148
0.022998 0.056088
0.018604 0.059991
0.025168 0.056888
0.026234 0.061640
0.021026 0.058202
0.023715 0.070728
0.028091 0.110649
0.028152 0.115381
0.027736 0.067316
0.028447 0.073955
0.029228 0.090223
0.029696 0.066864
0.031233 0.103907
0.029807 0.095452
0.031313 0.083126
0.031277 0.071230
0.029736 0.089037
0.030490 0.087260
0.031201 0.121054
0.031014 0.074632
0.030883 0.071103
0.028770 0.073604
0.031554 0.064762
0.031764 0.065690
0.030459 0.070878
0.031778 0.071931
0.033166 0.111493
0.030831 0.073638
0.032178 0.065529
0.030212 0.064636
0.029231 0.067193
0.031363 0.067696
0.029390 0.062037
0.030088 0.061380
0.031390 0.112992
0.030699 0.061376
0.031781 0.099795
0.028039 0.073618
0.025870 0.059796
0.026271 0.081380
0.024900 0.057410
0.023533 0.058965
0.017021 0.058742
0.012372 0.055202
0.012741 0.055790
0.012148 0.054197
0.018667 0.039144
0.016555 0.040792
0.018362 0.036561
0.014535 0.041964
0.011903 0.049494
0.012259 0.045206
0.012757 0.042413
0.028832 0.028658
0.034686 0.028099
0.033209 0.029726
0.028567 0.029298
0.032350 0.030722
0.029740 0.030756
0.028884 0.033154
0.030034 0.030991
0.034293 0.030934
0.024176 0.026701
0.019552 0.034042
0.021120 0.029240
0.024985 0.025014
0.022313 0.031633
0.030182 0.030164
0.020264 0.023842
0.020928 0.029804
0.032364 0.025716
0.035755 0.019036
0.023594 0.022276
0.024076 0.026446
0.023976 0.022094
0.025720 0.026704
0.030778 0.021238
0.031357 0.026117
0.056004 0.014414
0.046196 0.019433
0.040572 0.023368
0.047308 0.023074
0.038077 0.027080
0.028785 0.033402
0.032753 0.031291
0.029027 0.034230
0.032446 0.030958
0.028132 0.035883
0.039936 0.021845
0.035486 0.027911
0.028556 0.043551
0.021072 0.038095
0.028241 0.030483
0.029204 0.036267
0.038280 0.033280
0.022579 0.039368
0.029383 0.037371
0.036381 0.025805
0.032625 0.027389
0.029175 0.029183
0.026420 0.032871
0.033803 0.032232
0.034446 0.027862
0.035410 0.034228
0.033319 0.034016
0.030478 0.035439
0.044623 0.019596
0.037915 0.031766
0.036407 0.029240
0.040550 0.025378
0.038960 0.031348
0.042502 0.024389
0.040714 0.029709
0.024463 0.035217
0.031241 0.023136
0.035239 0.027845
0.031521 0.030003
0.025830 0.016349
0.042227 0.022358
0.020536 0.031026
0.035723 0.020679
0.027632 0.027904
0.018781 0.036797
0.021601 0.031568
0.021776 0.027145
0.016095 0.042393
0.027867 0.025727
0.032754 0.022238
0.029396 0.022817
0.039638 0.024120
0.022564 0.021250
0.030501 0.021415
0.022021 0.025504
0.023622 0.031825
0.012699 0.041155
0.029238 0.029050
0.018367 0.035341
0.023206 0.034930
0.020947 0.036849
0.022542 0.032115
0.021749 0.033499
0.019020 0.038277
0.019530 0.039546
0.024001 0.032695
0.023641 0.035936
0.016152 0.045227
0.026351 0.024768
0.023160 0.034076
0.020275 0.048856
0.018965 0.050544
0.023688 0.054595
0.020110 0.054905
0.021049 0.056608
0.021265 0.047140
0.019707 0.042987
0.019935 0.059739
0.012633 0.052741
0.013291 0.052921
0.022067 0.038259
0.026883 0.033826
0.015648 0.056088
