0.022787 0.023629
0.025541 0.020982
0.023598 0.020174
0.042299 0.016151
0.041753 0.013631
0.029456 0.018574
0.029367 0.017793
0.026700 0.016424
0.042273 0.018091
0.046356 0.015259
0.042182 0.017423
0.031726 0.027682
0.037002 0.027778
0.043833 0.022629
0.045621 0.015499
0.045339 0.015056
0.042845 0.015172
0.041504 0.017488
0.038615 0.018545
0.044191 0.019596
0.043661 0.015180
0.041792 0.017076
0.040493 0.016888
0.041195 0.015529
0.045782 0.017773
0.043878 0.015969
0.038159 0.017947
0.036086 0.018457
0.040868 0.014227
0.050332 0.011721
0.051870 0.013408
0.043339 0.013763
0.052780 0.013267
0.049329 0.016134
0.044261 0.018048
0.048605 0.021046
0.045107 0.020049
0.046981 0.017991
0.039250 0.020781
0.027476 0.022097
0.030908 0.022174
0.032345 0.024250
0.038769 0.023411
0.045986 0.014739
0.036252 0.013942
0.043943 0.009344
0.049163 0.014347
0.054701 0.013543
0.038690 0.014638
0.039257 0.012226
0.044131 0.013064
0.045179 0.015270
0.043495 0.015015
0.037692 0.016249
0.037452 0.015517
0.037409 0.015301
0.039273 0.015006
0.037389 0.015709
0.037515 0.016551
0.030795 0.017963
0.038773 0.016980
0.038050 0.015882
0.036577 0.020270
0.037061 0.018503
0.036788 0.017956
0.036675 0.017103
0.032112 0.020181
0.036175 0.015820
0.039889 0.017241
0.037206 0.015412
0.037024 0.014853
0.037213 0.016385
0.041132 0.014468
0.038108 0.015802
0.037277 0.015999
0.041376 0.017425
0.045886 0.019192
0.047917 0.015812
0.052262 0.016084
0.055984 0.009318
0.056442 0.009665
0.055568 0.011407
0.047522 0.011790
0.037047 0.016500
0.043979 0.017921
0.041159 0.012066
0.033226 0.015628
0.033316 0.015407
0.040777 0.012476
0.045759 0.013153
0.038884 0.015448
0.049212 0.009015
0.044560 0.014000
0.045581 0.012315
0.053029 0.015015
0.045279 0.013631
0.041029 0.014530
0.046144 0.009990
0.032771 0.013182
0.027016 0.017269
0.033762 0.015597
0.036634 0.013281
0.038028 0.015053
0.036605 0.014761
0.036354 0.014984
0.037229 0.015961
0.040992 0.013170
0.045620 0.015717
0.038235 0.016534
0.047939 0.017319
0.044745 0.022953
0.036568 0.023162
0.040279 0.018370
0.039024 0.016948
0.034786 0.016398
0.029945 0.014514
0.026536 0.016441
0.041543 0.015855
0.046391 0.016046
0.038558 0.015314
0.022442 0.014690
0.034602 0.014954
0.021476 0.017751
0.032052 0.016554
0.046078 0.015803
0.046386 0.016200
0.046771 0.017143
0.052846 0.016555
0.034764 0.015149
0.034678 0.013929
0.048172 0.013693
0.055092 0.011705
0.057181 0.011050
0.059804 0.009835
0.043548 0.016859
0.051380 0.016204
0.058277 0.012486
0.050868 0.017279
0.057844 0.012002
0.056271 0.012766
0.048500 0.014658
0.051485 0.015644
0.050393 0.012494
0.046732 0.017144
0.050002 0.016726
0.049546 0.015062
0.049732 0.013106
0.045092 0.020140
0.039933 0.027924
0.049442 0.021408
0.048409 0.017022
0.039505 0.026485
0.040900 0.029070
0.049364 0.021606
0.048264 0.024592
0.038508 0.034975
0.041120 0.017296
0.045988 0.014622
0.046427 0.015379
0.055746 0.014394
0.059083 0.011842
0.054250 0.012003
0.049633 0.016199
0.055181 0.012339
0.042522 0.015914
0.048285 0.016476
0.040978 0.016434
0.044576 0.017526
0.047910 0.017313
0.050908 0.017449
0.039367 0.020281
0.050252 0.019446
0.046051 0.019889
0.048621 0.018461
0.042251 0.022710
0.034756 0.021263
0.036186 0.022748
0.031592 0.023854
0.037950 0.021126
0.033191 0.020818
0.029362 0.024602
0.035028 0.016905
0.034538 0.017409
0.038416 0.017626
0.039214 0.016508
0.034874 0.015516
0.039077 0.013822
0.039889 0.017812
0.048352 0.015138
0.049236 0.014345
0.045658 0.013198
0.047296 0.011265
0.040572 0.013545
0.041068 0.014910
0.039889 0.018639
0.041146 0.018393
0.044473 0.016162
0.039457 0.033465
0.034786 0.032367
0.042812 0.023493
0.045362 0.022719
0.037432 0.025132
0.035756 0.028392
0.033979 0.027064
0.032859 0.024161
0.029961 0.020604
0.026744 0.024478
0.026358 0.025141
0.027340 0.028651
0.022462 0.023425
0.022747 0.019544
0.022394 0.030552
0.024627 0.024206
0.026716 0.017718
0.026812 0.041049
0.029291 0.037204
0.030804 0.032730
0.033097 0.037382
0.029817 0.033235
0.029871 0.028083
0.022500 0.025684
0.026312 0.026670
0.044268 0.027567
0.038332 0.031244
0.034490 0.024861
0.034622 0.025332
0.038070 0.029408
0.034940 0.027538
0.036290 0.027484
0.032805 0.032877
0.038359 0.027657
0.043599 0.024123
0.040816 0.026192
0.041457 0.022760
0.036605 0.028076
0.047986 0.023740
0.050182 0.017325
0.042285 0.030921
0.042667 0.024406
0.048257 0.023602
0.040247 0.028607
0.051200 0.018926
0.051303 0.019922
0.043980 0.022235
0.043502 0.021942
0.044878 0.022902
0.050058 0.016990
0.043274 0.023363
0.044131 0.022091
0.044536 0.022461
0.051203 0.019878
0.044939 0.023526
0.042626 0.022245
0.050164 0.016221
0.041160 0.021952
0.033659 0.025112
0.041397 0.027496
0.041810 0.022863
0.036937 0.027263
0.046204 0.022724
0.046279 0.023106
0.048085 0.018850
0.037566 0.022157
0.049051 0.024257
0.051018 0.017768
0.036519 0.025737
0.044098 0.026778
0.048292 0.018014
0.049005 0.017360
0.045083 0.022791
0.048189 0.021339
0.048186 0.020130
0.051176 0.015235
0.045841 0.021116
0.043962 0.022538
0.046691 0.022719
0.042923 0.024297
0.041538 0.027005
0.041904 0.031783
0.049129 0.016933
0.048079 0.019130
0.044865 0.025450
0.042410 0.024813
0.047070 0.022953
0.035659 0.026646
0.041994 0.022884
0.044305 0.024179
0.044663 0.025699
0.046178 0.026461
0.046368 0.027147
0.045238 0.025093
0.048145 0.022726
0.044014 0.031728
0.048933 0.024625
0.045848 0.025448
0.041754 0.024872
0.049719 0.015765
0.045088 0.020027
0.046307 0.019458
0.042197 0.020595
0.042481 0.022660
0.049932 0.019374
0.041054 0.023410
0.045289 0.024198
0.056040 0.013689
0.048340 0.021407
0.049029 0.020164
0.049935 0.020252
0.051672 0.018307
0.050680 0.016193
0.047771 0.017438
0.047328 0.023309
0.053423 0.018466
0.044791 0.014502
0.040895 0.014473
0.039340 0.014696
0.050280 0.015371
0.052182 0.014954
0.047743 0.016895
0.050799 0.018603
0.050456 0.019180
0.044595 0.020700
0.055671 0.016254
0.048844 0.017447
0.053420 0.017863
0.049484 0.018386
0.050281 0.016533
0.030861 0.021135
0.044236 0.024432
0.039905 0.021139
0.040895 0.019958
0.045155 0.024749
0.039901 0.028861
0.048884 0.021289
0.049954 0.019370
0.040915 0.030692
0.032093 0.036282
0.034039 0.036193
0.039017 0.023907
0.039245 0.023942
0.035450 0.029216
0.036299 0.032039
0.038087 0.027615
0.036560 0.029477
0.037994 0.026707
0.036354 0.027057
0.031013 0.044232
0.033104 0.036196
0.034085 0.028813
0.031211 0.033835
0.047774 0.028472
0.056203 0.017463
0.061452 0.010366
0.049646 0.013430
0.051898 0.015587
0.052162 0.014476
0.056404 0.012903
0.053187 0.013795
0.060328 0.011825
0.053080 0.016392
0.057309 0.013213
0.060999 0.010175
0.048594 0.012112
0.043553 0.013459
0.045481 0.013021
0.044751 0.013508
0.050356 0.016554
0.046954 0.017208
0.055868 0.012458
0.053702 0.016620
0.051458 0.014811
0.054633 0.013991
0.049105 0.015070
0.050762 0.019495
0.050543 0.013895
0.046810 0.013319
0.044237 0.013817
0.050866 0.014638
0.055513 0.015022
0.052656 0.017268
0.049183 0.018524
0.054167 0.016925
0.058199 0.013848
0.057807 0.014218
0.050207 0.019015
0.058363 0.012946
0.059112 0.015391
0.045404 0.010614
0.043387 0.011284
0.040478 0.013793
0.054097 0.014017
0.053134 0.015715
0.050423 0.015616
0.054295 0.018414
0.057351 0.015842
0.051815 0.013337
0.052456 0.014360
0.053771 0.015350
0.053795 0.014687
0.050828 0.012958
0.051309 0.011446
0.044012 0.013044
0.047749 0.014035
0.057088 0.011840
0.051170 0.015313
0.057365 0.013045
0.056933 0.012871
0.053519 0.010622
0.058023 0.012128
0.059177 0.011947
0.062158 0.009581
0.058036 0.012980
0.036181 0.015337
0.041760 0.014988
0.043700 0.014717
0.048731 0.015721
0.052334 0.015884
0.062302 0.011950
0.052409 0.011958
0.055751 0.014629
0.059330 0.011422
0.053467 0.013220
0.056134 0.012393
0.053167 0.013928
0.043740 0.013718
0.044800 0.016822
0.046022 0.023754
0.038958 0.018148
0.049145 0.016829
0.039723 0.027787
0.041740 0.023749
0.039305 0.023842
0.046479 0.017768
0.045114 0.020430
0.044735 0.021505
0.049793 0.017075
0.047629 0.020776
0.039566 0.018624
0.037559 0.014400
0.037134 0.016452
0.045528 0.013519
0.048412 0.018913
0.049785 0.020791
0.050860 0.018086
0.050026 0.018830
0.053928 0.016063
0.054205 0.013370
0.053386 0.012215
0.052713 0.015504
0.056050 0.013794
0.043126 0.013461
0.050552 0.013814
0.047687 0.015204
0.044349 0.016202
0.048368 0.016707
0.049307 0.018815
0.043897 0.019333
0.048056 0.019277
0.046692 0.020271
0.049918 0.017104
0.047966 0.019482
0.052807 0.018970
0.050751 0.016480
0.043525 0.014702
0.039817 0.016578
0.048132 0.014514
0.044461 0.014146
0.053466 0.014603
0.055359 0.013826
0.048751 0.013583
0.047772 0.017906
0.043130 0.015428
0.046485 0.017347
0.040744 0.028523
0.046392 0.017463
0.044576 0.020165
0.049543 0.015017
0.030241 0.018608
0.034047 0.018864
0.032832 0.015882
0.036816 0.020085
0.043668 0.016610
0.050878 0.017087
0.042879 0.024310
0.037396 0.029576
0.042201 0.020445
0.043587 0.020284
0.040744 0.022043
0.039352 0.023402
0.047466 0.020761
0.041558 0.025892
0.034041 0.018013
0.032348 0.019100
0.030823 0.017473
0.034815 0.013234
0.034295 0.012926
0.034597 0.021380
0.029373 0.036563
0.033066 0.031965
0.026970 0.035443
0.031592 0.027302
0.035209 0.018944
0.030646 0.020965
0.028961 0.023587
0.030122 0.028572
0.026162 0.027863
0.035181 0.021287
0.034713 0.026944
0.033934 0.019074
0.033025 0.027483
0.030793 0.029440
0.027413 0.047043
0.020660 0.053412
0.026731 0.053403
0.033609 0.032731
0.032080 0.038522
0.033139 0.038016
0.029340 0.032015
0.029227 0.048956
0.033344 0.029221
0.028646 0.046341
0.028372 0.046003
0.018598 0.053408
0.022693 0.038222
0.028082 0.035275
0.025319 0.022538
0.019107 0.024062
0.026086 0.022864
0.021233 0.021018
0.021933 0.020068
0.020769 0.023028
0.019958 0.023874
0.024361 0.027084
0.020197 0.047512
0.022473 0.032560
0.024249 0.025488
0.032819 0.020665
0.026942 0.024700
0.026559 0.032394
0.024412 0.027802
0.023481 0.027073
0.022494 0.026649
0.027546 0.030091
0.023753 0.024403
0.021730 0.026029
0.022880 0.028040
0.023410 0.027895
0.026051 0.022634
0.025774 0.023585
0.022520 0.028299
0.024336 0.029160
0.023959 0.029601
0.023385 0.026152
0.021063 0.032665
0.022272 0.030229
0.019544 0.030772
0.022899 0.029992
0.023522 0.030929
0.022940 0.030762
0.034427 0.025337
0.026878 0.023966
0.022099 0.024915
0.023693 0.027180
0.025332 0.023490
0.027590 0.025698
0.023891 0.026477
0.027816 0.021010
0.024290 0.026608
0.029309 0.021246
0.025383 0.022292
0.025892 0.021683
0.029168 0.021910
0.019361 0.034398
0.025824 0.030643
0.027160 0.029281
0.024687 0.025001
0.025562 0.028846
0.026872 0.030782
0.024496 0.033121
0.026124 0.029370
0.020548 0.030505
0.021598 0.034041
0.013293 0.043992
0.026669 0.031073
0.026783 0.023081
0.027116 0.026809
0.021226 0.039863
0.015626 0.039699
0.030044 0.025327
0.027483 0.024303
0.019475 0.040416
0.028435 0.028861
0.036302 0.028614
0.029001 0.027337
0.024351 0.028835
0.024571 0.027971
0.022344 0.030627
0.021765 0.032918
0.026912 0.033389
0.029113 0.030815
0.026765 0.029992
0.036484 0.022961
0.032512 0.023914
0.028138 0.029708
0.032307 0.029399
0.040273 0.027549
0.045833 0.016663
0.044380 0.020257
0.047331 0.018689
0.047259 0.020617
0.042330 0.021921
0.039504 0.025330
0.049119 0.018628
0.036520 0.027111
0.033428 0.020492
0.043605 0.017302
0.048909 0.018125
0.035960 0.029934
0.040161 0.027463
0.034601 0.033033
0.059857 0.007738
0.057692 0.013741
0.056758 0.012340
0.042420 0.024566
0.053829 0.015284
0.043422 0.025615
0.037016 0.031504
0.043880 0.021272
0.043056 0.021520
0.049866 0.016870
0.048028 0.022596
0.040975 0.023976
0.044246 0.022279
0.036918 0.024428
0.036226 0.020706
0.038618 0.022252
0.040759 0.014798
0.041579 0.022657
0.045055 0.013349
0.055123 0.015795
0.052119 0.014274
0.056187 0.012289
0.050912 0.012363
0.055158 0.013005
0.050185 0.013504
0.042150 0.010888
0.045994 0.009927
0.048443 0.012001
0.046653 0.011213
0.049634 0.012801
0.056684 0.011845
0.060213 0.012568
0.051363 0.010391
0.056301 0.011308
0.045716 0.018785
0.051886 0.017359
0.058873 0.012789
0.061339 0.011056
0.058945 0.011784
0.045483 0.011658
0.049438 0.012297
0.058904 0.011227
0.054069 0.011743
0.047636 0.018254
0.059867 0.010156
0.058148 0.012811
0.054400 0.013891
0.058176 0.012292
0.059532 0.012927
0.057762 0.013630
0.056029 0.012935
0.041862 0.016471
0.046187 0.014296
0.047068 0.014317
0.049015 0.017049
0.046219 0.016949
0.054292 0.013958
0.049536 0.016435
0.041637 0.018388
0.051318 0.015630
0.054641 0.013468
0.044207 0.021193
0.053517 0.012400
0.045190 0.016029
0.043980 0.020233
0.054545 0.013273
0.047762 0.015303
0.043143 0.014123
0.025980 0.017746
0.030159 0.020775
0.032535 0.018835
0.021850 0.024043
0.032787 0.018132
0.036771 0.019446
0.042580 0.016507
0.047464 0.015179
0.043233 0.019309
0.046122 0.016457
0.040447 0.015154
0.030807 0.020947
0.036740 0.019678
0.039516 0.017449
0.040309 0.023731
0.041436 0.022215
0.037681 0.016405
0.045195 0.012789
0.036441 0.024333
0.053717 0.015398
0.049082 0.012410
0.045228 0.012066
0.052388 0.011262
0.048958 0.013243
0.049048 0.011583
0.042252 0.010371
0.049722 0.011291
0.044058 0.018918
0.044128 0.014880
0.034241 0.023058
0.030458 0.025373
0.045173 0.017007
0.052953 0.016171
0.040682 0.013992
0.041539 0.015822
0.038560 0.015702
0.030466 0.020980
0.034193 0.016880
0.040872 0.016566
0.053638 0.015261
0.054746 0.016316
0.049539 0.017094
0.052378 0.014112
0.049831 0.014411
0.055403 0.012914
0.054776 0.014866
0.039619 0.015167
0.041547 0.014545
0.049138 0.015180
0.053242 0.015800
0.050965 0.014640
0.052515 0.015849
0.054042 0.015756
0.060115 0.011813
0.057661 0.013083
0.055751 0.013905
0.050813 0.018077
0.060430 0.010291
0.050133 0.013867
0.053362 0.013096
0.045386 0.015030
0.045258 0.017097
0.044695 0.016054
0.049626 0.018682
0.049217 0.023345
0.048990 0.021117
0.047331 0.019135
0.049900 0.018075
0.050838 0.016932
0.034343 0.017660
0.035983 0.021491
0.040258 0.023735
0.041730 0.025453
0.040971 0.026500
0.043727 0.026441
0.045463 0.027854
0.042157 0.028661
0.042689 0.023778
0.040432 0.029645
0.034998 0.035431
0.035138 0.032658
0.032143 0.033358
0.036334 0.025219
0.035348 0.028828
0.036662 0.023800
0.033799 0.023819
0.033812 0.025774
0.036891 0.021361
0.037792 0.024607
0.042377 0.022020
0.042588 0.022716
0.049610 0.020059
0.042376 0.024720
0.049674 0.016055
0.046088 0.015131
0.045193 0.014479
0.047762 0.014123
0.054360 0.015366
0.055010 0.013956
0.053145 0.014267
0.055164 0.013083
0.056605 0.014305
0.052401 0.015303
0.053511 0.014339
0.049948 0.019492
0.047532 0.019578
0.044714 0.011811
0.053461 0.011782
0.053398 0.011841
0.052703 0.013317
0.047486 0.017399
0.049587 0.015506
0.050684 0.016538
0.050588 0.013646
0.048926 0.023037
0.051173 0.020717
0.048775 0.020206
0.045002 0.014375
0.042608 0.012429
0.040024 0.014438
0.047877 0.014371
0.053655 0.012157
0.053981 0.015212
0.052296 0.017057
0.053646 0.017314
0.056682 0.012580
0.048892 0.016300
0.035641 0.029185
0.048375 0.017341
0.043918 0.014455
0.053981 0.012786
0.054184 0.014647
0.060328 0.010402
0.066069 0.013928
0.057115 0.012387
0.052176 0.017657
0.047414 0.018531
0.050555 0.016724
0.050340 0.018790
0.046240 0.020056
0.042177 0.022272
0.043627 0.021322
0.044880 0.018856
0.041902 0.021810
0.043970 0.020678
0.045107 0.021546
0.045473 0.017523
0.048440 0.021597
0.040518 0.023628
0.050588 0.011625
0.055059 0.014591
0.056607 0.014261
0.055266 0.011836
0.044864 0.013796
0.039931 0.015307
0.045563 0.013301
0.057748 0.013196
0.050512 0.018368
0.053752 0.018415
0.034412 0.026462
0.044148 0.023940
0.046441 0.018737
0.048782 0.019978
0.048365 0.018103
0.051442 0.017604
0.042546 0.014116
0.038856 0.014063
0.040886 0.017739
0.049886 0.016012
0.049382 0.017943
0.048905 0.016861
0.049752 0.017822
0.048172 0.019009
0.054476 0.015483
0.044416 0.023935
0.053808 0.016163
0.058894 0.012436
0.046434 0.014783
0.044398 0.015077
0.044369 0.013460
0.044728 0.022211
0.051284 0.016431
0.043768 0.023317
0.043687 0.022801
0.052440 0.018951
0.056826 0.013963
0.054123 0.014744
0.049480 0.017494
0.045562 0.020101
0.041590 0.017235
0.038907 0.021895
0.042836 0.020092
0.043301 0.016192
0.045535 0.022075
0.043191 0.023598
0.045862 0.022063
0.053344 0.014853
0.055254 0.012561
0.055348 0.014648
0.058136 0.014384
0.058456 0.012687
0.044605 0.010804
0.044308 0.012482
0.046214 0.012221
0.056950 0.013403
0.057113 0.013279
0.050098 0.014688
0.056486 0.012972
0.054402 0.012845
0.054109 0.016482
0.047966 0.017810
0.049699 0.014570
0.043337 0.016311
0.053769 0.016215
0.035973 0.020250
0.039302 0.017026
0.039159 0.020371
0.042430 0.018140
0.046159 0.022440
0.047446 0.023098
0.039271 0.022143
0.047836 0.023472
0.044112 0.024914
0.039800 0.028352
0.044558 0.026637
0.042791 0.024819
0.034065 0.030690
0.029709 0.030695
0.034253 0.029798
0.032528 0.029692
0.032763 0.036220
0.036495 0.035204
0.035866 0.027892
0.029097 0.035653
0.037072 0.031921
0.048436 0.015687
0.048223 0.015588
0.048205 0.016507
0.043682 0.016018
0.043037 0.018450
0.050621 0.014166
0.050870 0.016299
0.052996 0.014347
0.044731 0.019172
0.046674 0.017838
0.045748 0.020538
0.047306 0.019755
0.046349 0.021161
0.037326 0.014330
0.035907 0.016028
0.037752 0.017694
0.041726 0.017531
0.050009 0.017604
0.045659 0.014420
0.050996 0.015502
0.057082 0.013474
0.044685 0.016468
0.054852 0.010298
0.056486 0.015290
0.060624 0.011373
0.062835 0.007272
0.049725 0.011977
0.059509 0.011904
0.059195 0.011033
0.060161 0.011029
0.059745 0.013834
0.056189 0.013620
0.056040 0.013593
0.059823 0.014482
0.058348 0.012738
0.056391 0.013772
0.055826 0.013451
0.056883 0.012549
0.046360 0.011896
0.044631 0.012875
0.054413 0.012228
0.058818 0.012901
0.058785 0.012222
0.062677 0.010474
0.058614 0.014368
0.053513 0.014245
0.060958 0.011945
0.059827 0.013779
0.061146 0.012250
0.045446 0.011877
0.048511 0.010586
0.051646 0.014844
0.053339 0.011896
0.057123 0.015072
0.055780 0.015115
0.053983 0.011827
0.048316 0.011893
0.053241 0.011379
0.050824 0.016602
0.049378 0.016082
0.045330 0.009912
0.033325 0.023928
0.048315 0.009983
0.048528 0.010774
0.046958 0.011873
0.052441 0.010356
0.053080 0.016063
0.049633 0.013633
0.045644 0.014227
0.045995 0.012382
0.051550 0.014999
0.046554 0.022907
0.032347 0.016084
0.021929 0.017880
0.025537 0.018812
0.034335 0.013390
0.044656 0.013424
0.036948 0.022188
0.045579 0.022519
0.050855 0.015221
0.041491 0.011914
0.032365 0.016402
0.032007 0.018492
0.048587 0.011475
0.050508 0.009278
0.049250 0.011991
0.047745 0.012726
0.050962 0.013971
0.039174 0.022173
0.053455 0.013112
0.052254 0.014646
0.049631 0.019014
0.052686 0.013658
0.050321 0.014610
0.049937 0.017732
0.045072 0.017649
0.034775 0.016306
0.040493 0.014775
0.042966 0.013195
0.046239 0.012901
0.044469 0.016194
0.051117 0.015497
0.052221 0.017863
0.043722 0.021228
0.026832 0.016526
0.032035 0.016342
0.040183 0.019189
0.055487 0.012177
0.037862 0.014550
0.037279 0.018053
0.027851 0.017068
0.026729 0.018002
0.021728 0.014486
0.046601 0.013412
0.049482 0.015005
0.051749 0.012885
0.037977 0.014249
0.047622 0.012380
0.052612 0.013196
0.049491 0.017310
0.045528 0.013015
0.038220 0.014969
0.042151 0.018635
0.036307 0.018796
0.028593 0.019407
0.042377 0.015951
0.037576 0.016983
0.036918 0.021484
0.039132 0.019335
0.033498 0.020848
0.039867 0.021402
0.034794 0.024205
0.027336 0.024241
0.027479 0.027063
0.028903 0.027604
0.028575 0.028889
0.030727 0.029703
0.034911 0.026410
0.023470 0.041770
0.032427 0.029717
0.035106 0.034928
0.032996 0.034265
0.032124 0.031784
0.028903 0.039105
0.034598 0.043264
0.033676 0.053990
0.034979 0.047605
0.030880 0.042229
0.032228 0.032509
0.025289 0.026938
0.034964 0.023614
0.029614 0.027621
0.047104 0.022547
0.036973 0.023904
0.047695 0.020718
0.040149 0.025748
0.039604 0.019850
0.030799 0.015446
0.029369 0.021704
0.036942 0.025521
0.039172 0.028339
0.037764 0.026682
0.031429 0.032562
0.032755 0.028762
0.029634 0.031248
0.033505 0.030000
0.026934 0.030766
0.030619 0.025199
0.028670 0.029167
0.042427 0.035844
0.050862 0.016421
0.050763 0.014036
0.034659 0.016882
0.043934 0.010574
0.051114 0.013253
0.044643 0.008632
0.054626 0.013316
0.053602 0.014637
0.051043 0.017431
0.041624 0.020935
0.044726 0.016806
0.050308 0.008550
0.037022 0.023621
0.042788 0.025743
0.047069 0.020192
0.047380 0.016499
0.039616 0.017113
0.042809 0.017699
0.044964 0.012418
0.051779 0.012472
0.055819 0.014487
0.051886 0.014810
0.050390 0.015352
0.053941 0.011676
0.052769 0.015049
0.058689 0.011571
0.057380 0.010861
0.050435 0.012306
0.052658 0.012348
0.049677 0.014719
0.047854 0.012129
0.040320 0.015824
0.031613 0.017395
0.033523 0.018071
0.034289 0.014366
0.038980 0.014501
0.044151 0.015144
0.043373 0.018166
0.050003 0.013474
0.047864 0.014318
0.054667 0.012439
0.041144 0.016471
0.043263 0.016328
0.029819 0.032076
0.030779 0.037311
0.025589 0.032956
0.032142 0.026458
0.033442 0.024947
0.030112 0.030831
0.030052 0.024853
0.032732 0.048185
0.027729 0.063456
0.031077 0.036926
0.027919 0.028205
0.022731 0.023845
0.028601 0.037312
0.037406 0.037877
0.041235 0.026650
0.040694 0.026545
0.041285 0.023259
0.045655 0.022628
0.033869 0.021542
0.038922 0.022173
0.050774 0.019129
0.036119 0.021393
0.055611 0.013404
0.046084 0.014312
0.050773 0.014418
0.044782 0.013984
0.054310 0.018314
0.042439 0.016569
0.050806 0.016807
0.040103 0.016188
0.038861 0.019877
0.040748 0.018739
0.037241 0.016822
0.032469 0.021832
0.031608 0.019132
0.035841 0.032134
0.036789 0.031605
0.036567 0.020567
0.030746 0.021670
0.034558 0.019987
0.036929 0.018187
0.040279 0.016905
0.038444 0.017357
0.043564 0.018074
0.047596 0.016945
0.046522 0.023553
0.049854 0.022139
0.049045 0.021260
0.043495 0.023703
0.049454 0.018156
0.049579 0.018924
0.041557 0.028550
0.045107 0.022353
0.047089 0.019189
0.041449 0.023734
0.045535 0.021578
0.052737 0.014510
0.055913 0.008905
0.049566 0.012155
0.046684 0.019601
0.049222 0.014488
0.047810 0.019590
0.037053 0.025240
