0.021539 0.042510
0.022113 0.044562
0.024629 0.042795
0.025240 0.040854
0.020971 0.042418
0.013384 0.040669
0.018714 0.038810
0.026033 0.039063
0.026853 0.034784
0.021811 0.040844
0.020592 0.040269
0.020360 0.039386
0.026068 0.038022
0.021787 0.036512
0.023202 0.040732
0.020181 0.035991
0.025204 0.029780
0.020732 0.038998
0.022175 0.043980
0.023033 0.044571
0.023080 0.039002
0.025118 0.042142
0.021685 0.044227
0.021745 0.043681
0.023682 0.041444
0.021164 0.040982
0.020417 0.040100
0.025179 0.042887
0.028170 0.037493
0.023155 0.041159
0.027215 0.036126
0.020639 0.044425
0.030882 0.034521
0.022961 0.040849
0.029394 0.036708
0.028068 0.043571
0.031626 0.030996
0.026546 0.040532
0.027388 0.034215
0.029733 0.034286
0.030570 0.031893
0.025845 0.037372
0.031475 0.035583
0.026588 0.035635
0.031070 0.027149
0.023323 0.040158
0.031169 0.036039
0.024551 0.046817
0.028272 0.032585
0.023343 0.041740
0.023021 0.045972
0.025535 0.033987
0.021119 0.041734
0.024848 0.042965
0.015897 0.045056
0.014693 0.046933
0.023532 0.045692
0.019448 0.043843
0.021980 0.042249
0.019395 0.043054
0.021737 0.041397
0.024283 0.039571
0.020603 0.044585
0.020186 0.047023
0.011604 0.051744
0.012882 0.046746
0.012975 0.051904
0.010500 0.050611
0.012933 0.050767
0.013153 0.052796
0.014248 0.047897
0.010590 0.052827
0.012715 0.049648
0.012301 0.052690
0.016980 0.051399
0.014647 0.050956
0.021041 0.044418
0.014777 0.052655
0.020594 0.045252
0.021060 0.043629
0.017242 0.048614
0.022576 0.044821
0.018228 0.047828
0.018769 0.048730
0.019416 0.045750
0.017252 0.046459
0.018971 0.046848
0.018821 0.046545
0.018756 0.047822
0.018376 0.047710
0.019746 0.047511
0.020606 0.048600
0.021889 0.044150
0.019592 0.044178
0.019163 0.043737
0.022988 0.044308
0.018701 0.045027
0.022208 0.041935
0.021457 0.040784
0.024155 0.039997
0.018956 0.047458
0.020253 0.046528
0.017256 0.053121
0.019899 0.047715
0.015505 0.049428
0.016700 0.045323
0.018528 0.049123
0.021660 0.045846
0.019854 0.049149
0.015290 0.046459
0.022943 0.042570
0.015675 0.049305
0.021863 0.040875
0.016208 0.042319
0.021076 0.036081
0.018243 0.040613
0.016188 0.042578
0.018222 0.045617
0.016667 0.045754
0.030633 0.034462
0.018125 0.045643
0.022125 0.045132
0.022208 0.046432
0.024149 0.042003
0.022210 0.045291
0.014436 0.049404
0.013463 0.046639
0.012512 0.052646
0.012697 0.056217
0.015668 0.049307
0.016147 0.053628
0.014154 0.054805
0.013203 0.051924
0.012193 0.056626
0.021146 0.047864
0.015022 0.052381
0.014745 0.051850
0.016564 0.050523
0.013598 0.056312
0.013659 0.055345
0.015849 0.051998
0.020155 0.052433
0.018121 0.053232
0.017704 0.053538
0.012783 0.054396
0.012462 0.058095
0.011887 0.053605
0.013673 0.053045
0.013466 0.054353
0.012974 0.055903
0.017642 0.050347
0.014866 0.050722
0.016621 0.051756
0.016003 0.051236
0.020824 0.049777
0.018467 0.048387
0.013665 0.049792
0.016415 0.046353
0.020378 0.040229
0.015848 0.045427
0.020195 0.044405
0.025864 0.038941
0.021472 0.045341
0.016525 0.046620
0.016759 0.037496
0.014480 0.039115
0.012053 0.042370
0.021462 0.035349
0.021355 0.039232
0.020009 0.044769
0.018084 0.047137
0.019755 0.045185
0.023139 0.044499
0.023560 0.043496
0.023215 0.050112
0.015055 0.051733
0.021072 0.048815
0.014961 0.050619
0.015376 0.049918
0.017182 0.049686
0.015130 0.054092
0.023748 0.048721
0.016322 0.052041
0.016121 0.052674
0.012617 0.051685
0.016691 0.052376
0.017874 0.050946
0.013904 0.052684
0.013671 0.052533
0.015038 0.052260
0.016269 0.051823
0.014700 0.051099
0.013761 0.052028
0.017299 0.046806
0.013935 0.052302
0.016743 0.048441
0.011863 0.053836
0.014861 0.051544
0.012026 0.052435
0.015862 0.049809
0.022251 0.048483
0.019508 0.050758
0.018292 0.047655
0.014055 0.055765
0.015785 0.050646
0.014498 0.055401
0.019290 0.050250
0.017106 0.053077
0.019150 0.052374
0.020861 0.052970
0.025147 0.048103
0.025639 0.044802
0.029749 0.035355
0.025970 0.041363
0.021870 0.045191
0.024910 0.047979
0.019688 0.046923
0.027946 0.046312
0.026977 0.048048
0.029013 0.040719
0.025609 0.044160
0.030473 0.039501
0.020679 0.044939
0.020615 0.046611
0.023276 0.046026
0.026219 0.045738
0.016718 0.048646
0.025880 0.038247
0.028103 0.041788
0.026557 0.041694
0.024053 0.048534
0.029020 0.042805
0.028863 0.043142
0.024330 0.039229
0.011887 0.051899
0.024237 0.041270
0.022154 0.047120
0.028915 0.036379
0.026237 0.044000
0.029504 0.036474
0.024647 0.051088
0.028151 0.036515
0.022760 0.045663
0.024084 0.044036
0.017356 0.047209
0.022182 0.045622
0.023932 0.042399
0.021631 0.046366
0.014398 0.052985
0.017823 0.045995
0.027853 0.042023
0.029112 0.039972
0.035655 0.041868
0.022686 0.045771
0.022055 0.042461
0.016785 0.046416
0.027214 0.035024
0.018285 0.046279
0.020799 0.041735
0.022931 0.045077
0.028090 0.040109
0.019806 0.046610
0.025164 0.042384
0.017481 0.051299
0.019572 0.047946
0.024913 0.044332
0.021915 0.049689
0.023634 0.045401
0.021502 0.050886
0.019431 0.046507
0.017451 0.048316
0.019143 0.044484
0.029789 0.042176
0.021128 0.050521
0.018920 0.047324
0.018592 0.046058
0.017892 0.048776
0.013367 0.048957
0.020839 0.041661
0.021606 0.043083
0.026524 0.035117
0.018008 0.048022
0.031753 0.035884
0.020028 0.047898
0.020578 0.049396
0.018917 0.045673
0.013126 0.049366
0.016532 0.044720
0.021222 0.045543
0.017734 0.051039
0.020288 0.047029
0.016510 0.048215
0.021842 0.048295
0.017241 0.049292
0.023022 0.046979
0.010901 0.054836
0.020002 0.045702
0.013789 0.051664
0.019801 0.049664
0.017253 0.051739
0.020496 0.050289
0.022107 0.047689
0.018634 0.048393
0.018752 0.048968
0.013902 0.052717
0.017785 0.048959
0.012124 0.052348
0.010097 0.051544
0.012645 0.052420
0.012997 0.054202
0.012601 0.051339
0.016738 0.049371
0.012490 0.050850
0.011532 0.052911
0.014351 0.050476
0.015120 0.049700
0.012462 0.050402
0.011942 0.053091
0.020069 0.046137
0.014664 0.050367
0.014442 0.048489
0.018706 0.047456
0.020779 0.045423
0.026823 0.044638
0.022020 0.047651
0.026393 0.041545
0.024947 0.042122
0.016321 0.043847
0.027894 0.028979
0.022375 0.032852
0.019498 0.044045
0.029864 0.032945
0.024009 0.035434
0.025774 0.037022
0.026316 0.040738
0.020540 0.039207
0.025177 0.038462
0.027707 0.030840
0.019599 0.040848
0.019478 0.035613
0.019974 0.038703
0.020376 0.040968
0.027706 0.038772
0.021365 0.042337
0.031151 0.037876
0.014194 0.048516
0.023924 0.033864
0.023285 0.041808
0.022392 0.038180
0.023344 0.037797
0.022404 0.037562
0.023541 0.038205
0.025485 0.041601
0.017609 0.035933
0.020894 0.041650
0.021604 0.043367
0.017246 0.048767
0.021418 0.040005
0.017105 0.041448
0.015793 0.043869
0.019685 0.047339
0.021328 0.040810
0.022709 0.047323
0.018977 0.044836
0.025157 0.046862
0.020920 0.049184
0.021479 0.050549
0.024520 0.045050
0.024532 0.045788
0.025349 0.043837
0.024016 0.045221
0.026324 0.044258
0.023627 0.044966
0.024234 0.038552
0.014063 0.046361
0.014423 0.043402
0.014712 0.048189
0.011651 0.048285
0.013680 0.053487
0.014604 0.052803
0.015695 0.047203
0.017411 0.046460
0.018387 0.047289
0.018914 0.042719
0.014856 0.043769
0.017865 0.046328
0.016855 0.047664
0.015261 0.050249
0.020697 0.045208
0.016534 0.048327
0.019589 0.045803
0.023813 0.045310
0.018901 0.047974
0.019256 0.048230
0.017663 0.041702
0.013543 0.045327
0.016555 0.044808
0.014096 0.051494
0.018238 0.051071
0.018554 0.045503
0.023177 0.046018
0.019944 0.048150
0.017070 0.048067
0.019092 0.042211
0.019109 0.043093
0.014765 0.042775
0.010471 0.050087
0.015696 0.048473
0.014155 0.051185
0.014934 0.051048
0.014743 0.049628
0.010970 0.051589
0.011283 0.052112
0.010399 0.047821
0.010134 0.051607
0.013524 0.055788
0.010012 0.052938
0.009895 0.052269
0.011869 0.054462
0.012278 0.053659
0.012093 0.052581
0.015807 0.051008
0.010636 0.051631
0.011059 0.049469
0.011018 0.051634
0.012206 0.051436
0.010737 0.052454
0.011012 0.053403
0.011952 0.050760
0.013433 0.052565
0.018921 0.047663
0.019424 0.047428
0.021622 0.044430
0.010975 0.048647
0.010195 0.049130
0.010302 0.049099
0.010809 0.049337
0.014802 0.050256
0.012251 0.047147
0.014620 0.046720
0.015082 0.047058
0.022827 0.044622
0.015063 0.050466
0.015310 0.044783
0.010869 0.049543
0.012015 0.046333
0.009826 0.050089
0.012307 0.048632
0.011603 0.049941
0.013831 0.048472
0.018925 0.045092
0.016950 0.048507
0.019290 0.046937
0.017050 0.047208
0.015965 0.043039
0.013247 0.050702
0.018348 0.039194
0.014917 0.045197
0.015688 0.043310
0.020238 0.048940
0.021370 0.048105
0.025523 0.045192
0.022662 0.048582
0.025198 0.034212
0.013909 0.046122
0.019257 0.038777
0.013071 0.042904
0.018852 0.038132
0.020691 0.041037
0.015044 0.047785
0.024289 0.034019
0.015742 0.047833
0.033976 0.031591
0.013221 0.050151
0.021263 0.043358
0.013547 0.050346
0.024636 0.041633
0.019322 0.049177
0.023007 0.050959
0.022074 0.046230
0.018110 0.047080
0.020253 0.043757
0.013571 0.045027
0.015119 0.042295
0.011754 0.044711
0.012907 0.046740
0.011989 0.050920
0.018947 0.046042
0.014386 0.050150
0.014808 0.054023
0.015360 0.052655
0.016649 0.050078
0.012544 0.052303
0.011261 0.052514
0.011843 0.053145
0.014095 0.053117
0.014538 0.053403
0.016827 0.052162
0.015725 0.051541
0.016906 0.049964
0.019220 0.051820
0.019727 0.048823
0.015336 0.052446
0.014013 0.049814
0.012645 0.048269
0.013580 0.051730
0.013704 0.049417
0.012813 0.052397
0.013269 0.051231
0.012966 0.051827
0.014850 0.052113
0.017522 0.053798
0.013490 0.049256
0.014603 0.050044
0.012837 0.055364
0.012034 0.053613
0.014515 0.054136
0.014863 0.054613
0.015774 0.052871
0.018228 0.056861
0.023316 0.058485
0.020542 0.055876
0.018744 0.057419
0.015616 0.056712
0.016489 0.054955
0.019486 0.055545
0.022223 0.055665
0.026577 0.053449
0.018760 0.054392
0.023478 0.055418
0.020176 0.055911
0.018467 0.056257
0.016566 0.055959
0.019638 0.055150
0.021136 0.057366
0.019632 0.055038
0.023224 0.054986
0.021947 0.054513
0.019840 0.056397
0.026384 0.058064
0.031447 0.057677
0.029021 0.056069
0.030797 0.048358
0.030971 0.037939
0.026170 0.041106
0.024074 0.042566
0.026389 0.040984
0.022503 0.045224
0.028474 0.039312
0.027225 0.036996
0.025433 0.037040
0.031541 0.036175
0.030662 0.034767
0.028758 0.033928
0.026303 0.039165
0.022089 0.038123
0.019959 0.046612
0.022461 0.041233
0.026371 0.039715
0.027325 0.042454
0.027282 0.034963
0.025467 0.039859
0.022494 0.043564
0.019312 0.047273
0.018180 0.047459
0.014728 0.052432
0.013625 0.049096
0.016218 0.048516
0.018480 0.046903
0.023609 0.042201
0.021356 0.042299
0.020249 0.043414
0.020804 0.043531
0.019307 0.046357
0.022633 0.042705
0.018568 0.044868
0.016670 0.044450
0.017991 0.046807
0.017905 0.044859
0.019368 0.045866
0.020048 0.046369
0.018118 0.046222
0.015447 0.048232
0.015018 0.048344
0.012061 0.049937
0.011755 0.051825
0.011069 0.052032
0.010747 0.051282
0.011579 0.051878
0.012315 0.052123
0.013234 0.053249
0.011322 0.048982
0.010766 0.049845
0.025875 0.044176
0.019400 0.049838
0.020607 0.047896
0.018562 0.047793
0.020298 0.047827
0.024882 0.043510
0.024902 0.041564
0.027046 0.040783
0.026851 0.042860
0.027624 0.036410
0.023732 0.038338
0.027838 0.033389
0.027793 0.039775
0.023865 0.038978
0.020058 0.045266
0.024112 0.040125
0.031931 0.037479
0.032149 0.037355
0.034230 0.038208
0.033916 0.037090
0.024750 0.037709
0.024567 0.038449
0.020126 0.040144
0.021210 0.041227
0.014869 0.044844
0.017770 0.044577
0.015065 0.045051
0.019763 0.046924
0.011906 0.048400
0.018295 0.046212
0.014560 0.047875
0.017602 0.046006
0.012631 0.049172
0.015102 0.051837
0.017571 0.050821
0.009367 0.050092
0.009450 0.047880
0.012054 0.050621
0.011340 0.050877
0.012211 0.050738
0.009301 0.049867
0.016725 0.046870
0.017163 0.047224
0.020337 0.048597
0.014629 0.049242
0.014475 0.050826
0.017153 0.052286
0.021105 0.049614
0.021983 0.047796
0.017436 0.050906
0.020108 0.052454
0.021382 0.048801
0.022118 0.053053
0.020983 0.049529
0.019034 0.052187
0.015562 0.050937
0.013934 0.051356
0.025110 0.048085
0.026058 0.048878
0.019994 0.049184
0.016567 0.052573
0.023617 0.049311
0.026601 0.044839
0.020877 0.052549
0.025720 0.054921
0.027561 0.054426
0.027270 0.051079
0.018846 0.059427
0.022100 0.053551
0.022297 0.053710
0.018241 0.052156
0.014634 0.055812
0.017558 0.051035
0.018692 0.049992
0.019432 0.051585
0.016172 0.049282
0.017478 0.054708
0.023053 0.050306
0.026593 0.049562
0.024412 0.049250
0.015252 0.050274
0.020875 0.047781
0.017967 0.051329
0.018635 0.051227
0.020287 0.051893
0.018442 0.051567
0.017432 0.046574
0.019718 0.040160
0.019275 0.047635
0.016147 0.046560
0.017098 0.035772
0.011784 0.047837
0.018345 0.046626
0.016434 0.049160
0.015702 0.052937
0.013770 0.052002
0.023980 0.034667
0.018408 0.042013
0.017491 0.045228
0.027745 0.032885
0.017242 0.042571
0.023740 0.041503
0.025746 0.038856
0.025347 0.039810
0.021865 0.040761
0.023897 0.039048
0.020949 0.040505
0.022720 0.042708
0.023369 0.042485
0.024530 0.039820
0.019521 0.045619
0.026592 0.039109
0.020311 0.046878
0.019104 0.043775
0.019124 0.045163
0.018382 0.042398
0.020235 0.043885
0.017741 0.045738
0.023845 0.042676
0.025492 0.037371
0.020122 0.043291
0.024348 0.040912
0.023192 0.040649
0.023237 0.041014
0.019606 0.042408
0.024492 0.038697
0.020604 0.039592
0.025262 0.038519
0.022585 0.038946
0.021903 0.042662
0.024563 0.035385
0.021339 0.042157
0.024464 0.035533
0.020381 0.041534
0.019642 0.042256
0.017900 0.046015
0.023150 0.043069
0.023449 0.037066
0.023795 0.039629
0.019663 0.043604
0.020395 0.046861
0.019596 0.044759
0.019802 0.045389
0.020833 0.043922
0.023939 0.041563
0.018379 0.045407
0.019482 0.044271
0.028339 0.038728
0.020614 0.041918
0.021515 0.041478
0.020792 0.040268
0.018340 0.035500
0.020101 0.034833
0.018910 0.034941
0.019348 0.040667
0.019712 0.040160
0.016077 0.037457
0.025364 0.040457
0.019188 0.038470
0.023799 0.037240
0.025381 0.035001
0.022245 0.039275
0.020673 0.041448
0.018820 0.042605
0.021617 0.036473
0.020590 0.040637
0.018277 0.043570
0.019183 0.041943
0.022920 0.040981
0.021479 0.042255
0.018585 0.037431
0.017500 0.040730
0.017054 0.044662
0.018884 0.036136
0.015652 0.040784
0.023645 0.036086
0.022868 0.037358
0.020940 0.039471
0.016995 0.039499
0.021092 0.042226
0.019474 0.036076
0.021885 0.039640
0.019162 0.040347
0.019085 0.034289
0.015078 0.050257
0.017904 0.047874
0.016366 0.049252
0.019865 0.045471
0.018900 0.047772
0.015098 0.048877
0.012596 0.047619
0.011904 0.050508
0.014565 0.051096
0.014307 0.048644
0.012914 0.050954
0.015395 0.047842
0.013996 0.049851
0.016594 0.047558
0.014470 0.050178
0.017611 0.047382
0.020534 0.043119
0.024703 0.040675
0.020963 0.043593
0.023994 0.043792
0.023495 0.043528
0.025804 0.039567
0.022287 0.035881
0.020259 0.038310
0.020535 0.040098
0.020392 0.041054
0.018210 0.041261
0.025001 0.038792
0.020373 0.042876
0.020692 0.043794
0.016709 0.043000
0.019376 0.042111
0.019284 0.041179
0.016460 0.041341
0.020051 0.043273
0.024098 0.042797
0.019906 0.042585
0.021856 0.039808
0.022019 0.043001
0.023447 0.045125
0.018952 0.043211
0.019062 0.045355
0.023282 0.044841
0.024065 0.042161
0.021390 0.042611
0.020844 0.043098
0.023758 0.045078
0.020687 0.043637
0.020356 0.046943
0.016936 0.047579
0.017446 0.047603
0.013316 0.052381
0.015524 0.048298
0.014033 0.048253
0.011148 0.049575
0.010758 0.053116
0.011364 0.051155
0.014254 0.051167
0.014484 0.050164
0.015034 0.050307
0.016038 0.048672
0.013364 0.048242
0.015535 0.048691
0.020007 0.048311
0.016779 0.049717
0.024729 0.046399
0.019269 0.048962
0.020784 0.044184
0.022254 0.042390
0.025583 0.044882
0.019919 0.044528
0.023024 0.041641
0.024384 0.041595
0.024763 0.038196
0.026319 0.038915
0.024031 0.038086
0.025246 0.037060
0.026920 0.035148
0.025539 0.037302
0.022884 0.038810
0.024379 0.040647
0.021651 0.038930
0.025548 0.039302
0.023518 0.042714
0.024772 0.042642
0.023692 0.043825
0.019962 0.048134
0.017724 0.046401
0.020487 0.035176
0.014934 0.037625
0.013054 0.040173
0.017393 0.043914
0.023211 0.038459
0.024709 0.030468
0.014915 0.032873
0.014317 0.032224
0.018081 0.030772
0.012126 0.035561
0.014553 0.033814
0.021986 0.036482
0.027900 0.031852
0.020986 0.034909
0.022167 0.038470
0.018824 0.036993
0.015331 0.039731
0.017763 0.032738
0.014713 0.034607
0.015656 0.032809
0.013822 0.032493
0.018711 0.031635
0.017409 0.034034
0.019470 0.042629
0.021103 0.039353
0.024502 0.039713
0.027520 0.033807
0.016507 0.038321
0.018280 0.036672
0.021328 0.038845
0.018949 0.039983
0.022219 0.038139
0.021801 0.041020
0.020220 0.042988
0.023679 0.039506
0.020140 0.040665
0.015464 0.034790
0.018980 0.031610
0.018792 0.034698
0.025873 0.028043
0.020386 0.027666
0.017712 0.030460
0.023698 0.032105
0.019271 0.036055
0.020404 0.040449
0.021999 0.032921
0.016628 0.037198
0.013680 0.032957
0.015397 0.030009
0.016402 0.033988
0.018272 0.032609
0.016789 0.033848
0.018128 0.031905
0.016679 0.034916
0.021098 0.039980
0.018651 0.040555
0.016130 0.032398
0.017969 0.031821
0.016294 0.031256
0.016295 0.035332
0.018712 0.032404
0.016724 0.036514
0.019086 0.035990
0.019293 0.039960
0.022265 0.041818
0.021366 0.038888
0.019623 0.036684
0.013455 0.038073
0.020447 0.035300
0.016270 0.036719
0.022409 0.036516
0.021148 0.039173
0.018131 0.040831
0.021515 0.038260
0.024229 0.036685
0.020774 0.036444
0.012801 0.044346
0.013747 0.037411
0.018455 0.030709
0.019824 0.037774
0.019438 0.040303
0.018824 0.042457
0.026579 0.032803
0.021529 0.037703
0.024320 0.038932
0.020063 0.037011
0.020128 0.038462
0.019793 0.031704
0.014446 0.038430
0.024741 0.033719
0.017960 0.039310
0.020439 0.035359
0.019334 0.038586
0.027301 0.034391
0.018831 0.040893
0.017952 0.036599
0.019952 0.037918
0.016098 0.039358
0.012401 0.039901
0.012958 0.041922
0.010830 0.048035
0.011373 0.049811
0.012676 0.050734
0.012436 0.048726
0.024859 0.046091
0.023931 0.042819
0.023387 0.041457
0.013345 0.046228
0.018648 0.042564
0.015776 0.044547
0.015108 0.044157
0.030450 0.033887
0.026123 0.028643
0.023483 0.038032
0.019692 0.037016
0.018316 0.038695
0.016040 0.041047
0.013969 0.036970
0.016666 0.033754
0.021975 0.035743
0.023043 0.030423
0.018868 0.036706
0.020104 0.038175
0.019153 0.040681
0.020368 0.037966
0.022763 0.039083
0.022139 0.033732
0.015354 0.035430
0.012031 0.037283
0.018673 0.037939
0.022241 0.036452
0.018343 0.040114
0.019673 0.046907
0.019278 0.043337
0.021126 0.039606
0.024386 0.042924
0.022903 0.045179
0.020454 0.046309
0.023289 0.038871
0.021039 0.044512
0.015363 0.045904
0.016467 0.048610
0.013648 0.047350
0.014825 0.048681
0.017347 0.047557
0.014042 0.045238
0.019598 0.047671
0.021023 0.045481
0.015605 0.049177
0.017738 0.048082
0.020274 0.047204
0.020203 0.047870
0.018823 0.047640
0.024496 0.044187
0.025170 0.039716
0.022414 0.043180
0.019975 0.044772
0.020018 0.041540
0.016981 0.040952
0.020328 0.044625
0.020325 0.042509
0.017613 0.046163
0.027311 0.037679
0.016974 0.047335
0.020110 0.041731
0.017111 0.044150
0.019701 0.044567
0.018183 0.041788
0.015716 0.048724
0.019158 0.044300
0.014341 0.046077
0.019838 0.044716
0.018857 0.046820
0.017688 0.043866
0.020104 0.044202
0.022273 0.042649
0.016456 0.047377
0.017148 0.052388
0.016481 0.054898
0.015520 0.054303
0.017082 0.051126
0.016360 0.050496
0.013653 0.054091
0.016520 0.053686
0.017719 0.048185
0.012309 0.048332
0.016071 0.045796
0.012983 0.046012
0.011498 0.046387
0.010222 0.048078
0.009183 0.046499
0.009672 0.046831
0.007777 0.049408
0.009490 0.048355
0.012052 0.048932
0.008019 0.050899
0.007117 0.051040
0.006525 0.048811
0.007554 0.048401
0.007537 0.049105
0.008001 0.046380
0.009755 0.048605
0.009676 0.048295
0.008352 0.051266
0.013988 0.047810
0.008681 0.048103
0.008211 0.048100
0.012149 0.046477
0.013064 0.045388
0.010178 0.050981
0.010476 0.048429
0.009183 0.048530
0.009398 0.048300
0.011867 0.046931
0.011619 0.050281
0.013626 0.051138
0.010905 0.049643
0.015781 0.044443
0.015494 0.042605
0.009080 0.044425
0.005924 0.041607
0.007806 0.048004
0.014042 0.043258
0.013828 0.048731
0.015173 0.050299
0.011883 0.046992
0.012753 0.044794
0.010046 0.045603
0.010517 0.043875
0.006870 0.047550
0.007040 0.046611
0.008111 0.047729
0.007633 0.049112
0.007373 0.048571
0.008542 0.048999
0.012604 0.048423
0.007430 0.048299
0.007826 0.047190
0.005530 0.048710
0.008064 0.047585
0.008593 0.048710
0.010082 0.048433
0.010446 0.050213
0.013198 0.049729
0.011118 0.049715
0.010043 0.049785
0.008421 0.048619
0.006809 0.048365
0.008728 0.046947
0.009042 0.045555
0.008590 0.046958
0.006677 0.047050
0.008274 0.049744
0.010839 0.049459
0.008271 0.048676
0.008891 0.050197
0.007250 0.048818
0.010274 0.048936
0.014361 0.048207
0.011897 0.050143
0.010276 0.049660
0.009587 0.048888
0.009793 0.049591
0.009691 0.050522
0.011272 0.048356
0.013488 0.048527
0.009743 0.051565
0.007201 0.050533
0.007361 0.048569
0.007438 0.049612
0.009491 0.051127
0.008417 0.051291
0.011394 0.050924
0.013537 0.049621
0.016305 0.046349
0.018473 0.048073
0.025355 0.044308
0.014964 0.049882
0.018087 0.042793
0.014342 0.046762
0.010037 0.051491
0.013189 0.049420
0.015651 0.047621
0.022640 0.045051
0.027835 0.038287
0.028740 0.036690
0.029358 0.038123
0.028694 0.042764
0.022700 0.047386
0.027533 0.039622
0.027722 0.035405
0.025910 0.030017
0.026969 0.035523
0.020865 0.036484
0.023990 0.035160
0.018844 0.032448
0.018028 0.037673
0.015282 0.031850
0.014613 0.036203
0.025263 0.031546
0.022052 0.037321
0.021243 0.031070
0.022167 0.039105
0.023273 0.035706
0.019914 0.037904
0.022450 0.034295
0.019183 0.032698
0.014040 0.033214
0.019980 0.030682
0.016044 0.032093
0.018641 0.029113
0.016147 0.030144
0.017243 0.034359
0.021287 0.039405
0.018438 0.041299
0.021449 0.033040
0.017928 0.032292
0.017109 0.031233
0.022109 0.033285
0.017895 0.040100
0.019743 0.030354
0.014479 0.036015
0.018612 0.039439
0.016735 0.036176
0.023267 0.036770
0.019800 0.037850
0.020302 0.034235
0.016580 0.039092
0.015167 0.034102
0.020182 0.035680
0.010737 0.033396
0.027713 0.032384
0.024762 0.030673
0.020074 0.033578
