0.026791 0.046800
0.019702 0.058226
0.020396 0.051663
0.017958 0.052211
0.018985 0.051281
0.022876 0.057156
0.017531 0.054029
0.020253 0.055108
0.017291 0.050825
0.017896 0.055973
0.024771 0.053334
0.017911 0.052047
0.020823 0.051160
0.016736 0.051540
0.020689 0.058314
0.016978 0.055562
0.015965 0.055791
0.015664 0.053884
0.018078 0.053339
0.018083 0.052415
0.016629 0.052430
0.017739 0.050756
0.019521 0.053645
0.023887 0.052704
0.017581 0.053059
0.023928 0.051082
0.030949 0.054528
0.024969 0.056190
0.028468 0.062991
0.028365 0.066343
0.031457 0.062723
0.029663 0.085406
0.031165 0.080763
0.030431 0.060870
0.022122 0.054893
0.023740 0.056519
0.026902 0.050441
0.026027 0.052210
0.019187 0.052537
0.017357 0.052058
0.015366 0.053008
0.016661 0.055385
0.019310 0.053077
0.016344 0.054217
0.017477 0.051007
0.016777 0.049758
0.018468 0.051908
0.018132 0.052566
0.021424 0.054311
0.018846 0.052920
0.015800 0.051960
0.019729 0.051549
0.017160 0.054512
0.016343 0.050137
0.019268 0.053208
0.021701 0.053105
0.018510 0.051013
0.017264 0.050209
0.018202 0.051709
0.027336 0.033161
0.016618 0.049007
0.015330 0.047854
0.019829 0.044324
0.015561 0.053244
0.020908 0.042571
0.018315 0.046661
0.018393 0.042892
0.030662 0.029411
0.030322 0.029144
0.027082 0.031795
0.037410 0.020073
0.028315 0.023183
0.027570 0.020627
0.023519 0.029180
0.028133 0.019549
0.023607 0.031470
0.025088 0.028416
0.024325 0.038966
0.022770 0.034905
0.017307 0.044207
0.020290 0.045034
0.020215 0.046725
0.030186 0.020497
0.024333 0.029285
0.014684 0.058153
0.023918 0.051343
0.027978 0.034736
0.018332 0.055807
0.025994 0.042416
0.020171 0.048100
0.016190 0.058930
0.012445 0.056365
0.009783 0.055637
0.014320 0.047840
0.019754 0.034368
0.014449 0.059958
0.016970 0.053740
0.020740 0.042795
0.017018 0.051968
0.019320 0.055846
0.026044 0.068032
0.027392 0.087346
0.030493 0.078982
0.030463 0.073998
0.033278 0.107583
0.031410 0.063777
0.027357 0.064999
0.030629 0.061665
0.023262 0.072776
0.025638 0.084071
0.028700 0.091296
0.031389 0.085077
0.031082 0.069202
0.030838 0.078218
0.029705 0.083401
0.030703 0.057986
0.028158 0.062529
0.029161 0.059194
0.029191 0.065882
0.029056 0.058979
0.029438 0.058867
0.028347 0.072114
0.025127 0.058105
0.031724 0.050489
0.013247 0.052148
0.012958 0.055704
0.013831 0.046255
0.011682 0.051413
0.014257 0.048125
0.014190 0.044701
0.014503 0.047019
0.016049 0.043754
0.022450 0.038696
0.016502 0.049310
0.019885 0.046834
0.016631 0.054749
0.022388 0.051627
0.020960 0.055616
0.022140 0.047269
0.028247 0.035214
0.037781 0.022078
0.036564 0.028419
0.039617 0.021973
0.028260 0.030267
0.038751 0.022303
0.030151 0.032152
0.031646 0.025143
0.028185 0.029286
0.034362 0.027224
0.032471 0.022517
0.031151 0.032582
0.034196 0.028180
0.029864 0.032490
0.024018 0.028721
0.020989 0.044170
0.023479 0.044530
0.020228 0.046791
0.021790 0.049630
0.021658 0.043376
0.021610 0.041525
0.019840 0.042522
0.021524 0.043880
0.017898 0.047388
0.020261 0.044354
0.019122 0.046033
0.017224 0.049395
0.014434 0.050959
0.014746 0.049113
0.012063 0.052973
0.013652 0.051994
0.014263 0.052633
0.013216 0.054994
0.015681 0.055771
0.017813 0.066912
0.013484 0.060273
0.013356 0.056485
0.018305 0.054277
0.018302 0.072691
0.009080 0.057247
0.020790 0.053494
0.014058 0.054786
0.011978 0.054379
0.012981 0.053816
0.012420 0.053112
0.011917 0.052280
0.015505 0.051125
0.010761 0.052720
0.010452 0.050831
0.016349 0.048227
0.010124 0.054562
0.011569 0.054999
0.012598 0.054674
0.014000 0.054404
0.017095 0.052591
0.026603 0.046707
0.014479 0.053877
0.015766 0.055329
0.014765 0.053486
0.014936 0.053744
0.013538 0.055531
0.015439 0.059853
0.021963 0.057310
0.025017 0.058173
0.025356 0.053047
0.017398 0.055976
0.022714 0.054649
0.021683 0.058066
0.019143 0.053153
0.023794 0.052137
0.022132 0.041433
0.017938 0.053227
0.010310 0.053060
0.012193 0.053071
0.014796 0.054999
0.014683 0.053254
0.010885 0.054668
0.016058 0.053984
0.014108 0.053068
0.014257 0.053168
0.014580 0.053472
0.014146 0.052113
0.011087 0.054339
0.010560 0.054856
0.017221 0.051675
0.017358 0.053173
0.020108 0.053945
0.017426 0.063803
0.014784 0.059323
0.021693 0.071000
0.016381 0.055696
0.026321 0.063342
0.022428 0.062751
0.025626 0.069104
0.020549 0.068275
0.015665 0.059466
0.012972 0.055556
0.011936 0.054374
0.012304 0.052176
0.011673 0.052442
0.014932 0.060474
0.015352 0.061733
0.021027 0.063808
0.026238 0.056562
0.022007 0.055180
0.020724 0.053279
0.015022 0.054364
0.013355 0.053913
0.013003 0.055704
0.014965 0.054074
0.016585 0.057565
0.013174 0.058449
0.020040 0.052477
0.021368 0.056893
0.016465 0.058562
0.019396 0.061016
0.016445 0.056459
0.013667 0.054820
0.017594 0.052115
0.019163 0.051622
0.014332 0.053764
0.012394 0.054515
0.025844 0.053432
0.011968 0.053865
0.012191 0.055535
0.011691 0.054648
0.022153 0.054491
0.014446 0.058892
0.021029 0.058214
0.016891 0.054067
0.016419 0.054330
0.017312 0.060088
0.016065 0.059221
0.016738 0.060378
0.018937 0.055038
0.021845 0.064230
0.021318 0.055391
0.018614 0.056024
0.016332 0.054190
0.024311 0.060140
0.015296 0.059168
0.019621 0.055239
0.017864 0.054737
0.013010 0.053276
0.012652 0.053043
0.011698 0.052503
0.009948 0.053251
0.010433 0.053039
0.013373 0.057737
0.011693 0.054002
0.018370 0.054257
0.026691 0.055438
0.025274 0.057453
0.022500 0.053811
0.015988 0.055917
0.020818 0.054716
0.019175 0.057572
0.019767 0.056272
0.020346 0.059849
0.020303 0.056925
0.019402 0.051470
0.027749 0.062671
0.019300 0.056753
0.019109 0.062028
0.027532 0.055504
0.019834 0.059504
0.023997 0.065233
0.019056 0.054369
0.019779 0.054225
0.016474 0.067227
0.013714 0.056838
0.011714 0.054843
0.008930 0.054539
0.013302 0.054076
0.023854 0.056241
0.021905 0.056061
0.019875 0.055476
0.019526 0.054825
0.019690 0.060806
0.018766 0.062665
0.015174 0.053897
0.011631 0.058619
0.016643 0.054714
0.020056 0.055490
0.018444 0.054928
0.015196 0.054367
0.014507 0.055944
0.019339 0.061912
0.020702 0.055003
0.025599 0.056854
0.019261 0.057912
0.025816 0.057518
0.016913 0.054336
0.014445 0.053925
0.011241 0.052736
0.010994 0.053085
0.011167 0.052666
0.011707 0.049481
0.016068 0.054603
0.013999 0.054881
0.018223 0.056285
0.016928 0.055660
0.018376 0.054385
0.021267 0.056155
0.021971 0.055440
0.021592 0.055795
0.020908 0.055518
0.025215 0.055272
0.025901 0.056172
0.026418 0.061977
0.028752 0.058425
0.029383 0.056845
0.030096 0.063253
0.033148 0.079451
0.030515 0.065116
0.027430 0.062745
0.032567 0.063049
0.028074 0.059415
0.027265 0.058282
0.019609 0.055682
0.018029 0.061611
0.014387 0.055113
0.013164 0.054286
0.012938 0.059667
0.014932 0.057497
0.023795 0.063748
0.026226 0.061276
0.026357 0.059465
0.026505 0.059171
0.027996 0.060820
0.032128 0.062383
0.030074 0.060482
0.027151 0.064355
0.022087 0.057212
0.023583 0.056754
0.024444 0.071261
0.019486 0.056407
0.021945 0.056312
0.021349 0.056360
0.019390 0.055640
0.018610 0.055054
0.011869 0.060161
0.016786 0.052839
0.017075 0.054821
0.015981 0.054644
0.014274 0.058012
0.012825 0.052968
0.015090 0.055852
0.016205 0.056240
0.023868 0.072912
0.020589 0.062828
0.017904 0.055443
0.018943 0.055135
0.020156 0.054198
0.015314 0.054590
0.019211 0.053173
0.019376 0.060991
0.029385 0.070347
0.024315 0.063310
0.024008 0.061969
0.024731 0.060129
0.024613 0.061620
0.026154 0.069070
0.027162 0.061165
0.026091 0.062428
0.030741 0.097259
0.030987 0.058822
0.023988 0.060035
0.018723 0.055402
0.018553 0.055129
0.015992 0.054903
0.015993 0.058945
0.014735 0.062010
0.017308 0.059804
0.019467 0.065691
0.021840 0.055117
0.017509 0.055835
0.011862 0.053666
0.013678 0.055359
0.012102 0.053787
0.015232 0.058701
0.018206 0.055892
0.015434 0.054510
0.018667 0.056519
0.017051 0.055735
0.017867 0.056203
0.012183 0.052720
0.012172 0.052591
0.014635 0.046232
0.011402 0.052256
0.015788 0.052051
0.018092 0.052179
0.020443 0.050723
0.012678 0.056413
0.012513 0.054387
0.016733 0.054395
0.017841 0.053728
0.011926 0.057173
0.015446 0.051676
0.018282 0.053049
0.014680 0.052462
0.013871 0.059075
0.015224 0.064832
0.014704 0.062246
0.017794 0.066285
0.019366 0.066991
0.018699 0.080904
0.018051 0.076406
0.023814 0.068408
0.022043 0.063008
0.022070 0.063357
0.017648 0.054908
0.015225 0.057100
0.013350 0.059818
0.015991 0.053778
0.012311 0.054740
0.011336 0.053245
0.021003 0.047181
0.012530 0.051287
0.011966 0.053846
0.011299 0.054769
0.012905 0.051883
0.019042 0.046251
0.014055 0.054474
0.017378 0.051065
0.021177 0.031462
0.019138 0.043429
0.015281 0.052990
0.017841 0.048779
0.015611 0.056683
0.022068 0.065388
0.026179 0.077306
0.023976 0.071167
0.020199 0.064384
0.020467 0.085201
0.026936 0.108677
0.026653 0.102885
0.031054 0.121680
0.033932 0.098617
0.032654 0.089357
0.032450 0.066358
0.035055 0.079117
0.033935 0.136817
0.032126 0.155391
0.032917 0.126552
0.029451 0.065490
0.025577 0.053746
0.025375 0.059486
0.027216 0.113235
0.026065 0.095700
0.026726 0.097294
0.026682 0.083516
0.022843 0.047191
0.023913 0.057830
0.023527 0.082059
0.028599 0.097895
0.027031 0.061673
0.028730 0.068746
0.029902 0.052038
0.029648 0.066320
0.031803 0.084203
0.030052 0.081812
0.024306 0.070333
0.024893 0.039632
0.021345 0.054131
0.020829 0.053508
0.018809 0.063715
0.016802 0.066822
0.019723 0.051792
0.023228 0.106362
0.026647 0.111342
0.027170 0.077867
0.032820 0.066610
0.030472 0.084316
0.027156 0.083245
0.029070 0.073500
0.027992 0.063964
0.024699 0.064251
0.027158 0.076897
0.022861 0.074893
0.021125 0.073590
0.023865 0.074500
0.026537 0.060941
0.024226 0.055759
0.026635 0.063922
0.030418 0.114234
0.019567 0.065027
0.026845 0.052161
0.037688 0.063118
0.030490 0.061598
0.034728 0.052281
0.029378 0.059373
0.024745 0.065379
0.031381 0.077697
0.032505 0.097253
0.034277 0.059176
0.031189 0.082046
0.031130 0.073605
0.028714 0.062390
0.021875 0.057771
0.026977 0.079161
0.028970 0.058288
0.028667 0.062194
0.030198 0.061491
0.027650 0.057848
0.022891 0.054606
0.022297 0.060666
0.029564 0.056193
0.026927 0.053302
0.028992 0.060702
0.023511 0.058812
0.020921 0.065090
0.018177 0.053747
0.017268 0.056592
0.018602 0.059999
0.024491 0.058402
0.017583 0.058783
0.020263 0.054384
0.023879 0.056934
0.028247 0.061962
0.031907 0.059345
0.029933 0.056598
0.027117 0.056564
0.026862 0.057655
0.028082 0.082869
0.027923 0.061642
0.028661 0.062295
0.031866 0.059050
0.026667 0.058731
0.025710 0.056540
0.028011 0.109264
0.034337 0.066594
0.029112 0.065246
0.030836 0.057755
0.021485 0.055466
0.032976 0.057780
0.028088 0.061486
0.026603 0.056106
0.026896 0.057779
0.028873 0.056075
0.020919 0.054340
0.022959 0.055013
0.023559 0.058600
0.023339 0.056509
0.021723 0.055871
0.028611 0.062240
0.022541 0.054316
0.024122 0.056120
0.025650 0.061657
0.023960 0.062869
0.030314 0.070492
0.027167 0.064548
0.024958 0.053579
0.028997 0.065156
0.025766 0.062558
0.027629 0.061502
0.027311 0.058350
0.025330 0.057075
0.025633 0.055993
0.029207 0.054956
0.024220 0.061861
0.022052 0.054395
0.024346 0.064472
0.027014 0.055777
0.027854 0.056794
0.024267 0.055293
0.026915 0.058875
0.025639 0.058104
0.027432 0.058463
0.026110 0.057555
0.026836 0.057768
0.025692 0.055665
0.026133 0.056875
0.028199 0.058549
0.028976 0.058524
0.027692 0.065666
0.031770 0.057330
0.028621 0.059409
0.030265 0.056320
0.032384 0.058448
0.032548 0.057932
0.034307 0.058160
0.030399 0.056018
0.027878 0.056831
0.022710 0.059795
0.019340 0.054416
0.020955 0.055289
0.018197 0.053041
0.015867 0.053473
0.016170 0.050843
0.017381 0.057028
0.014041 0.051655
0.015158 0.056064
0.025296 0.055851
0.019283 0.056620
0.021753 0.058412
0.022578 0.063598
0.018453 0.053477
0.024235 0.055468
0.023661 0.061995
0.022647 0.058957
0.019925 0.053639
0.018711 0.061189
0.015774 0.056640
0.019850 0.057030
0.020001 0.070449
0.023899 0.058220
0.026607 0.057313
0.026913 0.075951
0.027173 0.055982
0.023795 0.054042
0.027995 0.090273
0.023767 0.052987
0.028098 0.072130
0.025301 0.069470
0.027798 0.077192
0.027292 0.078542
0.027842 0.080515
0.026064 0.070976
0.024370 0.107995
0.026750 0.087571
0.023433 0.080328
0.027206 0.075443
0.025927 0.064554
0.026339 0.070055
0.030802 0.080431
0.026847 0.066487
0.027582 0.058418
0.025813 0.062062
0.027269 0.060530
0.026805 0.061700
0.022072 0.059145
0.027093 0.058363
0.022719 0.061403
0.031558 0.075648
0.029343 0.084685
0.027613 0.058616
0.027780 0.059186
0.026005 0.056867
0.021070 0.058289
0.026245 0.056085
0.017532 0.053618
0.017063 0.053028
0.014299 0.053428
0.021410 0.054330
0.025790 0.056906
0.034579 0.060623
0.033108 0.059889
0.030649 0.078915
0.031275 0.070606
0.030690 0.084851
0.031839 0.071679
0.033009 0.070183
0.029272 0.063143
0.028592 0.069197
0.024973 0.070240
0.023320 0.056971
0.027113 0.056467
0.027039 0.054164
0.026475 0.056547
0.024103 0.053863
0.030103 0.055712
0.030646 0.056922
0.029538 0.057220
0.024845 0.055192
0.024605 0.058524
0.025951 0.055906
0.021922 0.054872
0.017351 0.057042
0.027548 0.054836
0.027360 0.054000
0.023590 0.056300
0.021147 0.056207
0.020322 0.054826
0.021158 0.055452
0.020252 0.055412
0.021719 0.054452
0.017952 0.053737
0.018390 0.054454
0.017026 0.055261
0.019028 0.059911
0.025202 0.057644
0.026081 0.053512
0.018211 0.056600
0.021070 0.055949
0.025430 0.056000
0.023265 0.057563
0.030424 0.055595
0.025502 0.057202
0.023147 0.056152
0.016341 0.056107
0.020040 0.057038
0.021453 0.056577
0.018435 0.058599
0.020593 0.057810
0.025264 0.055292
0.021583 0.057098
0.024264 0.059262
0.021389 0.057549
0.019456 0.057084
0.020949 0.056966
0.022835 0.054630
0.020612 0.055682
0.018889 0.056951
0.017857 0.058681
0.021009 0.054903
0.025587 0.058840
0.028820 0.052304
0.024644 0.056084
0.024750 0.058374
0.022638 0.061499
0.023258 0.056982
0.027568 0.056992
0.026494 0.058308
0.022289 0.056344
0.022075 0.054601
0.022018 0.055031
0.024285 0.058693
0.028278 0.059655
0.019843 0.054965
0.021562 0.055723
0.028651 0.055574
0.019778 0.056570
0.024202 0.056388
0.022577 0.054765
0.023034 0.059102
0.016684 0.053779
0.015336 0.057149
0.015561 0.053932
0.016931 0.054085
0.019655 0.055561
0.021990 0.057814
0.025344 0.056874
0.024114 0.056094
0.025933 0.053168
0.028227 0.055970
0.024921 0.054067
0.028236 0.067544
0.022825 0.057206
0.027362 0.053008
0.022833 0.058249
0.014582 0.054724
0.021855 0.052781
0.019000 0.053819
0.023237 0.057771
0.027094 0.058029
0.027929 0.053239
0.029422 0.058052
0.026532 0.056355
0.030943 0.057691
0.020010 0.055329
0.017226 0.054849
0.022720 0.055319
0.016552 0.055271
0.014077 0.054949
0.012600 0.053378
0.013906 0.053704
0.019063 0.055918
0.016675 0.055245
0.021693 0.053870
0.026738 0.055686
0.023340 0.056809
0.018787 0.057588
0.015971 0.054920
0.023888 0.057383
0.014821 0.055309
0.014768 0.053291
0.014180 0.055571
0.016482 0.055458
0.020452 0.057224
0.016030 0.060021
0.019765 0.056813
0.014691 0.058433
0.020256 0.056942
0.021561 0.056097
0.023333 0.056691
0.025385 0.056199
0.022103 0.055239
0.018962 0.055104
0.019481 0.055548
0.022214 0.055908
0.021768 0.066690
0.022682 0.081718
0.025253 0.077512
0.028414 0.083703
0.028363 0.086777
0.030441 0.114231
0.030804 0.141275
0.031400 0.099568
0.027431 0.098296
0.022709 0.076010
0.026008 0.090544
0.021955 0.083761
0.024215 0.062459
0.018444 0.057040
0.014729 0.055156
0.014517 0.053208
0.020470 0.052373
0.018701 0.054718
0.019848 0.056056
0.023733 0.079083
0.026517 0.082347
0.022097 0.065603
0.016499 0.061835
0.016919 0.055321
0.017918 0.054151
0.020149 0.071403
0.024526 0.066442
0.025401 0.071413
0.028395 0.084200
0.022946 0.057754
0.026981 0.057424
0.027008 0.057641
0.027246 0.058436
0.033339 0.059860
0.033031 0.061404
0.033947 0.058169
0.030782 0.073731
0.029608 0.068231
0.030504 0.060159
0.032093 0.063285
0.030824 0.112858
0.027690 0.085124
0.029099 0.065227
0.025493 0.055237
0.029570 0.054107
0.026603 0.069692
0.027004 0.086090
0.029554 0.103376
0.033310 0.080958
0.033365 0.153744
0.030341 0.072883
0.024955 0.064232
0.033757 0.102923
0.019818 0.054514
0.022655 0.052779
0.021427 0.056818
0.020300 0.056353
0.023815 0.058184
0.022660 0.062623
0.021807 0.054342
0.018319 0.061261
0.017718 0.054228
0.019287 0.057157
0.021339 0.059584
0.020177 0.074241
0.019006 0.060854
0.022245 0.071461
0.019244 0.075663
0.017786 0.064400
0.018623 0.077530
0.017709 0.060436
0.015685 0.057264
0.016449 0.051459
0.026185 0.052711
0.019914 0.053225
0.024635 0.055593
0.021159 0.058696
0.015700 0.054868
0.019371 0.056329
0.016529 0.053083
0.016811 0.051553
0.017239 0.059730
0.022266 0.065290
0.022468 0.060122
0.024009 0.068749
0.025032 0.072060
0.027628 0.090585
0.027988 0.090782
0.030264 0.080153
0.031617 0.090592
0.028947 0.068430
0.032125 0.066434
0.034117 0.084055
0.032405 0.082844
0.028725 0.096871
0.029621 0.092490
0.030570 0.083002
0.032195 0.069733
0.032819 0.069465
0.029823 0.072159
0.031780 0.084328
0.029169 0.102258
0.025135 0.079107
0.028105 0.073306
0.009809 0.061203
0.021089 0.055343
0.013253 0.051637
0.011524 0.050181
0.011511 0.049942
0.011083 0.049135
0.016897 0.063642
0.023883 0.066640
0.030475 0.067047
0.026304 0.081562
0.022503 0.085320
0.024757 0.061450
0.025900 0.058061
0.026301 0.065285
0.026648 0.057752
0.026514 0.062906
0.025114 0.053523
0.025678 0.054264
0.018332 0.044434
0.018678 0.045083
0.014359 0.045625
0.016606 0.047536
0.017673 0.049865
0.018427 0.051697
0.018845 0.052452
0.019212 0.051948
0.020546 0.051791
0.020629 0.049372
0.022933 0.051381
0.020975 0.053723
0.027177 0.061564
0.024163 0.064513
0.028354 0.066182
0.029013 0.075300
0.029453 0.069404
0.031340 0.081857
0.025353 0.060184
0.024120 0.056461
0.026567 0.052634
0.023937 0.053335
0.022677 0.049581
0.022742 0.050873
0.019204 0.049004
0.016479 0.052074
0.015840 0.048720
0.016415 0.049226
0.018974 0.052226
0.018031 0.051047
0.020689 0.049646
0.021924 0.052926
0.022682 0.054226
0.022100 0.053783
0.026339 0.054821
0.028513 0.058519
0.028900 0.059162
0.029184 0.083769
0.028867 0.075468
0.024483 0.066916
0.017547 0.055772
0.020919 0.059543
0.016511 0.053856
0.016713 0.053636
0.024072 0.053220
0.020626 0.052489
0.020449 0.057461
0.021510 0.050207
0.017250 0.052684
0.017491 0.053912
0.016634 0.053245
0.019697 0.054261
0.021445 0.053378
0.024243 0.056851
0.026475 0.058189
0.028462 0.058557
0.030030 0.063438
0.029640 0.064904
0.029727 0.057820
0.019185 0.058915
0.026199 0.064414
0.025270 0.072393
0.025260 0.071425
0.022963 0.054227
0.024258 0.065286
0.019369 0.054004
0.018332 0.056745
0.017542 0.055189
0.016134 0.051758
0.020201 0.055007
0.019408 0.052194
0.018230 0.051612
0.016208 0.053493
0.020188 0.054175
0.020131 0.054797
0.016923 0.051826
0.016878 0.053318
0.018532 0.058520
0.017887 0.052738
0.013980 0.052464
0.016550 0.051156
0.020418 0.053950
0.015036 0.051372
0.019363 0.058188
0.021056 0.056860
0.021006 0.056727
0.018510 0.058474
0.019805 0.055914
0.028510 0.064372
0.031116 0.066560
0.029959 0.066568
0.029488 0.084725
0.028754 0.083213
0.028905 0.066090
0.028184 0.086996
0.026951 0.087961
0.022299 0.057755
0.020280 0.053786
0.017327 0.051523
0.017731 0.053337
0.015515 0.051773
0.014770 0.052069
0.017954 0.052738
0.017628 0.052574
0.018740 0.054507
0.014931 0.056638
0.017350 0.053695
0.017632 0.055400
0.016170 0.052000
0.016529 0.059604
0.018561 0.059089
0.020712 0.055827
0.024363 0.055442
0.026452 0.054475
0.026168 0.069848
0.029599 0.070184
0.028507 0.077090
0.031215 0.064906
0.028299 0.061319
0.024700 0.060009
0.026822 0.057586
0.019908 0.055757
0.021130 0.054353
0.017029 0.053368
0.017938 0.057661
0.023058 0.058564
0.023799 0.061413
0.023261 0.060927
0.028901 0.069797
0.026627 0.066957
0.032725 0.082387
0.027354 0.077193
0.031820 0.084074
0.033000 0.073690
0.028074 0.053519
0.035516 0.048318
0.028328 0.042414
0.040149 0.043653
0.027695 0.049269
0.021906 0.048269
0.027708 0.035471
0.021422 0.048636
0.025913 0.039239
0.024436 0.041935
0.027029 0.043719
0.025387 0.043327
0.016709 0.053550
0.025949 0.043284
0.020842 0.046927
0.018699 0.056127
0.019219 0.056605
0.020007 0.055576
0.021604 0.052033
0.020755 0.053422
0.015846 0.056938
0.021010 0.057368
0.021451 0.056573
0.026363 0.058190
0.031482 0.059815
0.027732 0.060240
0.025760 0.061684
0.030507 0.060734
0.027729 0.058455
0.026576 0.057622
0.018052 0.055315
0.018321 0.055599
0.016743 0.057583
0.022028 0.057238
0.021505 0.056927
0.023403 0.057873
0.024272 0.059477
0.026741 0.058921
0.025996 0.059094
0.031315 0.055860
0.027211 0.056278
0.030488 0.057650
0.030051 0.057111
0.031297 0.067602
0.031092 0.070336
0.029409 0.067044
0.030927 0.066116
0.030229 0.063553
0.029314 0.063455
0.029256 0.062824
0.029019 0.057698
0.030422 0.062361
0.029666 0.061828
0.030512 0.097516
0.029506 0.067672
0.030916 0.063316
0.031194 0.062331
0.031189 0.060595
0.031575 0.060994
0.032270 0.059176
0.031374 0.060825
0.027941 0.081539
0.025846 0.071990
0.026481 0.078133
0.020890 0.057938
0.022117 0.057893
0.021686 0.056581
0.019823 0.057766
0.023383 0.058419
0.025778 0.059600
0.027194 0.058951
0.026946 0.060375
0.031170 0.056759
0.031032 0.052115
0.031227 0.057968
0.030560 0.056552
0.029297 0.053666
0.029591 0.058034
0.023778 0.058255
0.022008 0.064218
0.020642 0.056512
0.018951 0.054922
0.017743 0.053339
0.015768 0.053348
0.019353 0.058054
0.020447 0.055517
0.022398 0.058862
0.021320 0.054552
0.023917 0.058541
0.026345 0.057269
0.028341 0.059746
0.024114 0.063945
0.019854 0.057373
0.020414 0.062751
0.021326 0.063369
0.021267 0.062462
0.021148 0.054844
0.020418 0.060523
0.021446 0.060540
0.019917 0.054667
0.020089 0.061486
0.019944 0.054040
0.023056 0.056255
0.022078 0.056278
0.018568 0.054718
0.018891 0.055328
0.015992 0.059906
0.019865 0.058064
0.024222 0.061409
0.023467 0.060936
0.024642 0.060822
0.024862 0.058828
0.025877 0.059566
0.026069 0.057698
0.024718 0.054361
0.020393 0.053599
0.015581 0.051342
0.014317 0.050001
0.019032 0.053501
0.021246 0.056043
0.021013 0.055061
0.020930 0.061238
0.019190 0.061691
